{
    "animation": [
        {
            "name": "Root",
            "time": [0.0, 0.0167, 0.0333, 0.05, 0.0667, 0.0833, 0.1, 0.1167, 0.1333, 0.15, 0.1667, 0.1833, 0.2, 0.2167, 0.2333, 0.25, 0.2667, 0.2833, 0.3, 0.3167, 0.3333, 0.35, 0.3667, 0.3833, 0.4, 0.4167, 0.4333, 0.45, 0.4667, 0.4833, 0.5, 0.5167, 0.5333, 0.55, 0.5667, 0.5833, 0.6, 0.6167, 0.6333, 0.65, 0.6667, 0.6833, 0.7, 0.7167, 0.7333, 0.75, 0.7667, 0.7833, 0.8, 0.8167, 0.8333, 0.85, 0.8667, 0.8833, 0.9, 0.9167, 0.9333, 0.95, 0.9667, 0.9833, 1.0, 1.0167, 1.0333, 1.05, 1.0667, 1.0833, 1.1, 1.1167, 1.1333, 1.15, 1.1667, 1.1833, 1.2, 1.2167, 1.2333, 1.25, 1.2667, 1.2833],
            "transform": [
                [1.0, 0.0, 0.0, -5e-06, 0.0, 0.0, -1.0, 0.000946, 0.0, 1.0, 0.0, 0.76478, 0.0, 0.0, 0.0, 1.0],
                [1.0, 0.0, 0.0, -5e-06, 0.0, 0.0, -1.0, 0.000946, 0.0, 1.0, 0.0, 0.76478, 0.0, 0.0, 0.0, 1.0],
                [1.0, 0.0, 0.0, -5e-06, 0.0, 0.0, -1.0, 0.000946, 0.0, 1.0, 0.0, 0.76478, 0.0, 0.0, 0.0, 1.0],
                [1.0, 0.0, 0.0, -5e-06, 0.0, 0.0, -1.0, 0.000946, 0.0, 1.0, 0.0, 0.76478, 0.0, 0.0, 0.0, 1.0],
                [1.0, 0.0, 0.0, -5e-06, 0.0, 0.0, -1.0, 0.000946, 0.0, 1.0, 0.0, 0.76478, 0.0, 0.0, 0.0, 1.0],
                [1.0, 0.0, 0.0, -5e-06, 0.0, 0.0, -1.0, 0.000946, 0.0, 1.0, 0.0, 0.76478, 0.0, 0.0, 0.0, 1.0],
                [1.0, 0.0, 0.0, -5e-06, 0.0, 0.0, -1.0, 0.000946, 0.0, 1.0, 0.0, 0.76478, 0.0, 0.0, 0.0, 1.0],
                [1.0, 0.0, 0.0, -5e-06, 0.0, 0.0, -1.0, 0.000946, 0.0, 1.0, 0.0, 0.76478, 0.0, 0.0, 0.0, 1.0],
                [1.0, 0.0, 0.0, -5e-06, 0.0, 0.0, -1.0, 0.000946, 0.0, 1.0, 0.0, 0.76478, 0.0, 0.0, 0.0, 1.0],
                [1.0, 0.0, 0.0, -5e-06, 0.0, 0.0, -1.0, 0.000946, 0.0, 1.0, 0.0, 0.76478, 0.0, 0.0, 0.0, 1.0],
                [1.0, 0.0, 0.0, -5e-06, 0.0, 0.0, -1.0, 0.000946, 0.0, 1.0, 0.0, 0.76478, 0.0, 0.0, 0.0, 1.0],
                [1.0, 0.0, 0.0, -5e-06, 0.0, 0.0, -1.0, 0.000946, 0.0, 1.0, 0.0, 0.76478, 0.0, 0.0, 0.0, 1.0],
                [1.0, 0.0, 0.0, -5e-06, 0.0, 0.0, -1.0, 0.000946, 0.0, 1.0, 0.0, 0.76478, 0.0, 0.0, 0.0, 1.0],
                [1.0, 0.0, 0.0, -5e-06, 0.0, 0.0, -1.0, 0.000946, 0.0, 1.0, 0.0, 0.76478, 0.0, 0.0, 0.0, 1.0],
                [1.0, 0.0, 0.0, -5e-06, 0.0, 0.0, -1.0, 0.000946, 0.0, 1.0, 0.0, 0.76478, 0.0, 0.0, 0.0, 1.0],
                [1.0, 0.0, 0.0, -5e-06, 0.0, 0.0, -1.0, 0.000946, 0.0, 1.0, 0.0, 0.76478, 0.0, 0.0, 0.0, 1.0],
                [1.0, 0.0, 0.0, -5e-06, 0.0, 0.0, -1.0, 0.000946, 0.0, 1.0, 0.0, 0.76478, 0.0, 0.0, 0.0, 1.0],
                [1.0, 0.0, 0.0, -5e-06, 0.0, 0.0, -1.0, 0.000946, 0.0, 1.0, 0.0, 0.76478, 0.0, 0.0, 0.0, 1.0],
                [1.0, 0.0, 0.0, -5e-06, 0.0, 0.0, -1.0, 0.000946, 0.0, 1.0, 0.0, 0.76478, 0.0, 0.0, 0.0, 1.0],
                [1.0, 0.0, 0.0, -5e-06, 0.0, 0.0, -1.0, 0.000946, 0.0, 1.0, 0.0, 0.76478, 0.0, 0.0, 0.0, 1.0],
                [1.0, 0.0, 0.0, -5e-06, 0.0, 0.0, -1.0, 0.000946, 0.0, 1.0, 0.0, 0.76478, 0.0, 0.0, 0.0, 1.0],
                [1.0, 0.0, 0.0, -5e-06, 0.0, 0.0, -1.0, 0.000946, 0.0, 1.0, 0.0, 0.76478, 0.0, 0.0, 0.0, 1.0],
                [1.0, 0.0, 0.0, -5e-06, 0.0, 0.0, -1.0, 0.000946, 0.0, 1.0, 0.0, 0.76478, 0.0, 0.0, 0.0, 1.0],
                [1.0, 0.0, 0.0, -5e-06, 0.0, 0.0, -1.0, 0.000946, 0.0, 1.0, 0.0, 0.76478, 0.0, 0.0, 0.0, 1.0],
                [1.0, 0.0, 0.0, -5e-06, 0.0, 0.0, -1.0, 0.000946, 0.0, 1.0, 0.0, 0.76478, 0.0, 0.0, 0.0, 1.0],
                [1.0, 0.0, 0.0, -5e-06, 0.0, 0.0, -1.0, 0.000946, 0.0, 1.0, 0.0, 0.76478, 0.0, 0.0, 0.0, 1.0],
                [1.0, 0.0, 0.0, -5e-06, 0.0, 0.0, -1.0, 0.000946, 0.0, 1.0, 0.0, 0.76478, 0.0, 0.0, 0.0, 1.0],
                [1.0, 0.0, 0.0, -5e-06, 0.0, 0.0, -1.0, 0.000946, 0.0, 1.0, 0.0, 0.76478, 0.0, 0.0, 0.0, 1.0],
                [1.0, 0.0, 0.0, -5e-06, 0.0, 0.0, -1.0, 0.000946, 0.0, 1.0, 0.0, 0.76478, 0.0, 0.0, 0.0, 1.0],
                [1.0, 0.0, 0.0, -5e-06, 0.0, 0.0, -1.0, 0.000946, 0.0, 1.0, 0.0, 0.76478, 0.0, 0.0, 0.0, 1.0],
                [1.0, 0.0, 0.0, -5e-06, 0.0, 0.0, -1.0, 0.000946, 0.0, 1.0, 0.0, 0.76478, 0.0, 0.0, 0.0, 1.0],
                [1.0, 0.0, 0.0, -5e-06, 0.0, 0.0, -1.0, 0.000946, 0.0, 1.0, 0.0, 0.76478, 0.0, 0.0, 0.0, 1.0],
                [1.0, 0.0, 0.0, -5e-06, 0.0, 0.0, -1.0, 0.000946, 0.0, 1.0, 0.0, 0.76478, 0.0, 0.0, 0.0, 1.0],
                [1.0, 0.0, 0.0, -5e-06, 0.0, 0.0, -1.0, 0.000946, 0.0, 1.0, 0.0, 0.76478, 0.0, 0.0, 0.0, 1.0],
                [1.0, 0.0, 0.0, -5e-06, 0.0, 0.0, -1.0, 0.000946, 0.0, 1.0, 0.0, 0.76478, 0.0, 0.0, 0.0, 1.0],
                [1.0, 0.0, 0.0, -5e-06, 0.0, 0.0, -1.0, 0.000946, 0.0, 1.0, 0.0, 0.76478, 0.0, 0.0, 0.0, 1.0],
                [1.0, 0.0, 0.0, -5e-06, 0.0, 0.0, -1.0, 0.000946, 0.0, 1.0, 0.0, 0.76478, 0.0, 0.0, 0.0, 1.0],
                [1.0, 0.0, 0.0, -5e-06, 0.0, 0.0, -1.0, 0.000946, 0.0, 1.0, 0.0, 0.76478, 0.0, 0.0, 0.0, 1.0],
                [1.0, 0.0, 0.0, -5e-06, 0.0, 0.0, -1.0, 0.000946, 0.0, 1.0, 0.0, 0.76478, 0.0, 0.0, 0.0, 1.0],
                [1.0, 0.0, 0.0, -5e-06, 0.0, 0.0, -1.0, 0.000946, 0.0, 1.0, 0.0, 0.76478, 0.0, 0.0, 0.0, 1.0],
                [1.0, 0.0, 0.0, -5e-06, 0.0, 0.0, -1.0, 0.000946, 0.0, 1.0, 0.0, 0.76478, 0.0, 0.0, 0.0, 1.0],
                [1.0, 0.0, 0.0, -5e-06, 0.0, 0.0, -1.0, 0.000946, 0.0, 1.0, 0.0, 0.76478, 0.0, 0.0, 0.0, 1.0],
                [1.0, 0.0, 0.0, -5e-06, 0.0, 0.0, -1.0, 0.000946, 0.0, 1.0, 0.0, 0.76478, 0.0, 0.0, 0.0, 1.0],
                [1.0, 0.0, 0.0, -5e-06, 0.0, 0.0, -1.0, 0.000946, 0.0, 1.0, 0.0, 0.76478, 0.0, 0.0, 0.0, 1.0],
                [1.0, 0.0, 0.0, -5e-06, 0.0, 0.0, -1.0, 0.000946, 0.0, 1.0, 0.0, 0.76478, 0.0, 0.0, 0.0, 1.0],
                [1.0, 0.0, 0.0, -5e-06, 0.0, 0.0, -1.0, 0.000946, 0.0, 1.0, 0.0, 0.76478, 0.0, 0.0, 0.0, 1.0],
                [1.0, 0.0, 0.0, -5e-06, 0.0, 0.0, -1.0, 0.000946, 0.0, 1.0, 0.0, 0.76478, 0.0, 0.0, 0.0, 1.0],
                [1.0, 0.0, 0.0, -5e-06, 0.0, 0.0, -1.0, 0.000946, 0.0, 1.0, 0.0, 0.76478, 0.0, 0.0, 0.0, 1.0],
                [1.0, 0.0, 0.0, -5e-06, 0.0, 0.0, -1.0, 0.000946, 0.0, 1.0, 0.0, 0.76478, 0.0, 0.0, 0.0, 1.0],
                [1.0, 0.0, 0.0, -5e-06, 0.0, 0.0, -1.0, 0.000946, 0.0, 1.0, 0.0, 0.76478, 0.0, 0.0, 0.0, 1.0],
                [1.0, 0.0, 0.0, -5e-06, 0.0, 0.0, -1.0, 0.000946, 0.0, 1.0, 0.0, 0.76478, 0.0, 0.0, 0.0, 1.0],
                [1.0, 0.0, 0.0, -5e-06, 0.0, 0.0, -1.0, 0.000946, 0.0, 1.0, 0.0, 0.76478, 0.0, 0.0, 0.0, 1.0],
                [1.0, 0.0, 0.0, -5e-06, 0.0, 0.0, -1.0, 0.000946, 0.0, 1.0, 0.0, 0.76478, 0.0, 0.0, 0.0, 1.0],
                [1.0, 0.0, 0.0, -5e-06, 0.0, 0.0, -1.0, 0.000946, 0.0, 1.0, 0.0, 0.76478, 0.0, 0.0, 0.0, 1.0],
                [1.0, 0.0, 0.0, -5e-06, 0.0, 0.0, -1.0, 0.000946, 0.0, 1.0, 0.0, 0.76478, 0.0, 0.0, 0.0, 1.0],
                [1.0, 0.0, 0.0, -5e-06, 0.0, 0.0, -1.0, 0.000946, 0.0, 1.0, 0.0, 0.76478, 0.0, 0.0, 0.0, 1.0],
                [1.0, 0.0, 0.0, -5e-06, 0.0, 0.0, -1.0, 0.000946, 0.0, 1.0, 0.0, 0.76478, 0.0, 0.0, 0.0, 1.0],
                [1.0, 0.0, 0.0, -5e-06, 0.0, 0.0, -1.0, 0.000946, 0.0, 1.0, 0.0, 0.76478, 0.0, 0.0, 0.0, 1.0],
                [1.0, 0.0, 0.0, -5e-06, 0.0, 0.0, -1.0, 0.000946, 0.0, 1.0, 0.0, 0.76478, 0.0, 0.0, 0.0, 1.0],
                [1.0, 0.0, 0.0, -5e-06, 0.0, 0.0, -1.0, 0.000946, 0.0, 1.0, 0.0, 0.76478, 0.0, 0.0, 0.0, 1.0],
                [1.0, 0.0, 0.0, -5e-06, 0.0, 0.0, -1.0, 0.000946, 0.0, 1.0, 0.0, 0.76478, 0.0, 0.0, 0.0, 1.0],
                [1.0, 0.0, 0.0, -5e-06, 0.0, 0.0, -1.0, 0.000946, 0.0, 1.0, 0.0, 0.76478, 0.0, 0.0, 0.0, 1.0],
                [1.0, 0.0, 0.0, -5e-06, 0.0, 0.0, -1.0, 0.000946, 0.0, 1.0, 0.0, 0.76478, 0.0, 0.0, 0.0, 1.0],
                [1.0, 0.0, 0.0, -5e-06, 0.0, 0.0, -1.0, 0.000946, 0.0, 1.0, 0.0, 0.76478, 0.0, 0.0, 0.0, 1.0],
                [1.0, 0.0, 0.0, -5e-06, 0.0, 0.0, -1.0, 0.000946, 0.0, 1.0, 0.0, 0.76478, 0.0, 0.0, 0.0, 1.0],
                [1.0, 0.0, 0.0, -5e-06, 0.0, 0.0, -1.0, 0.000946, 0.0, 1.0, 0.0, 0.76478, 0.0, 0.0, 0.0, 1.0],
                [1.0, 0.0, 0.0, -5e-06, 0.0, 0.0, -1.0, 0.000946, 0.0, 1.0, 0.0, 0.76478, 0.0, 0.0, 0.0, 1.0],
                [1.0, 0.0, 0.0, -5e-06, 0.0, 0.0, -1.0, 0.000946, 0.0, 1.0, 0.0, 0.76478, 0.0, 0.0, 0.0, 1.0],
                [1.0, 0.0, 0.0, -5e-06, 0.0, 0.0, -1.0, 0.000946, 0.0, 1.0, 0.0, 0.76478, 0.0, 0.0, 0.0, 1.0],
                [1.0, 0.0, 0.0, -5e-06, 0.0, 0.0, -1.0, 0.000946, 0.0, 1.0, 0.0, 0.76478, 0.0, 0.0, 0.0, 1.0],
                [1.0, 0.0, 0.0, -5e-06, 0.0, 0.0, -1.0, 0.000946, 0.0, 1.0, 0.0, 0.76478, 0.0, 0.0, 0.0, 1.0],
                [1.0, 0.0, 0.0, -5e-06, 0.0, 0.0, -1.0, 0.000946, 0.0, 1.0, 0.0, 0.76478, 0.0, 0.0, 0.0, 1.0],
                [1.0, 0.0, 0.0, -5e-06, 0.0, 0.0, -1.0, 0.000946, 0.0, 1.0, 0.0, 0.76478, 0.0, 0.0, 0.0, 1.0],
                [1.0, 0.0, 0.0, -5e-06, 0.0, 0.0, -1.0, 0.000946, 0.0, 1.0, 0.0, 0.76478, 0.0, 0.0, 0.0, 1.0],
                [1.0, 0.0, 0.0, -5e-06, 0.0, 0.0, -1.0, 0.000946, 0.0, 1.0, 0.0, 0.76478, 0.0, 0.0, 0.0, 1.0],
                [1.0, 0.0, 0.0, -5e-06, 0.0, 0.0, -1.0, 0.000946, 0.0, 1.0, 0.0, 0.76478, 0.0, 0.0, 0.0, 1.0],
                [1.0, 0.0, 0.0, -5e-06, 0.0, 0.0, -1.0, 0.000946, 0.0, 1.0, 0.0, 0.76478, 0.0, 0.0, 0.0, 1.0],
                [1.0, 0.0, 0.0, -5e-06, 0.0, 0.0, -1.0, 0.000946, 0.0, 1.0, 0.0, 0.76478, 0.0, 0.0, 0.0, 1.0]
            ]
        },
        {
            "name": "Thigh_R",
            "time": [0.0, 0.0167, 0.0333, 0.05, 0.0667, 0.0833, 0.1, 0.1167, 0.1333, 0.15, 0.1667, 0.1833, 0.2, 0.2167, 0.2333, 0.25, 0.2667, 0.2833, 0.3, 0.3167, 0.3333, 0.35, 0.3667, 0.3833, 0.4, 0.4167, 0.4333, 0.45, 0.4667, 0.4833, 0.5, 0.5167, 0.5333, 0.55, 0.5667, 0.5833, 0.6, 0.6167, 0.6333, 0.65, 0.6667, 0.6833, 0.7, 0.7167, 0.7333, 0.75, 0.7667, 0.7833, 0.8, 0.8167, 0.8333, 0.85, 0.8667, 0.8833, 0.9, 0.9167, 0.9333, 0.95, 0.9667, 0.9833, 1.0, 1.0167, 1.0333, 1.05, 1.0667, 1.0833, 1.1, 1.1167, 1.1333, 1.15, 1.1667, 1.1833, 1.2, 1.2167, 1.2333, 1.25, 1.2667, 1.2833],
            "transform": [
                [0.987018, -0.069366, -0.144857, 0.121779, -0.123424, -0.904716, -0.407745, -0.013841, -0.102771, 0.420331, -0.901532, -0.026543, 0.0, 0.0, 0.0, 1.0],
                [0.987611, -0.06898, -0.140942, 0.121876, -0.120587, -0.90837, -0.400404, -0.01562, -0.100408, 0.41244, -0.905434, -0.026483, 0.0, 0.0, 0.0, 1.0],
                [0.989218, -0.067491, -0.12997, 0.122142, -0.112525, -0.918285, -0.379594, -0.020646, -0.09373, 0.390127, -0.915978, -0.026332, 0.0, 0.0, 0.0, 1.0],
                [0.9915, -0.06404, -0.113248, 0.122532, -0.099903, -0.932372, -0.347422, -0.028454, -0.083341, 0.355783, -0.930845, -0.026135, 0.0, 0.0, 0.0, 1.0],
                [0.994066, -0.057666, -0.092234, 0.122996, -0.083404, -0.948385, -0.305957, -0.038577, -0.06983, 0.311834, -0.947567, -0.025932, 0.0, 0.0, 0.0, 1.0],
                [0.996514, -0.047645, -0.068467, 0.123484, -0.063759, -0.964326, -0.256923, -0.050549, -0.053784, 0.260393, -0.964004, -0.025769, 0.0, 0.0, 0.0, 1.0],
                [0.998486, -0.03366, -0.043504, 0.123949, -0.041773, -0.978572, -0.201624, -0.063906, -0.035785, 0.203136, -0.978496, -0.025693, 0.0, 0.0, 0.0, 1.0],
                [0.999697, -0.015842, -0.018834, 0.124352, -0.018342, -0.98984, -0.141, -0.078184, -0.016409, 0.141303, -0.98983, -0.025752, 0.0, 0.0, 0.0, 1.0],
                [0.999978, 0.005245, 0.004193, 0.124666, 0.005547, -0.997115, -0.075695, -0.092921, 0.003784, 0.075717, -0.997122, -0.026, 0.0, 0.0, 0.0, 1.0],
                [0.999291, 0.028659, 0.02445, 0.124877, 0.028816, -0.999566, -0.006113, -0.107653, 0.024265, 0.006813, -0.999682, -0.026492, 0.0, 0.0, 0.0, 1.0],
                [0.997739, 0.053169, 0.041101, 0.12498, 0.050317, -0.996447, 0.067552, -0.121922, 0.044546, -0.065332, -0.996869, -0.027283, 0.0, 0.0, 0.0, 1.0],
                [0.995559, 0.077354, 0.053647, 0.124989, 0.06886, -0.986991, 0.145287, -0.135265, 0.064188, -0.140947, -0.987934, -0.02843, 0.0, 0.0, 0.0, 1.0],
                [0.993084, 0.09973, 0.061965, 0.124924, 0.083264, -0.970284, 0.227193, -0.14722, 0.082782, -0.220461, -0.971876, -0.029985, 0.0, 0.0, 0.0, 1.0],
                [0.990693, 0.118873, 0.066305, 0.124816, 0.092437, -0.945136, 0.313327, -0.157325, 0.099913, -0.304281, -0.947328, -0.032, 0.0, 0.0, 0.0, 1.0],
                [0.988755, 0.133567, 0.067258, 0.1247, 0.095496, -0.910043, 0.403365, -0.165117, 0.115084, -0.392406, -0.912564, -0.034526, 0.0, 0.0, 0.0, 1.0],
                [0.987555, 0.142906, 0.065676, 0.12461, 0.091951, -0.863408, 0.496056, -0.170132, 0.127595, -0.483843, -0.865804, -0.037609, 0.0, 0.0, 0.0, 1.0],
                [0.987258, 0.146333, 0.062509, 0.124575, 0.081948, -0.804289, 0.58856, -0.171907, 0.136401, -0.575939, -0.806033, -0.041298, 0.0, 0.0, 0.0, 1.0],
                [0.987326, 0.14645, 0.06115, 0.124575, 0.066602, -0.732089, 0.677945, -0.163231, 0.144052, -0.66528, -0.732565, -0.045201, 0.0, 0.0, 0.0, 1.0],
                [0.987037, 0.14694, 0.064539, 0.124575, 0.048648, -0.65716, 0.75218, -0.13998, 0.152938, -0.73929, -0.65579, -0.048852, 0.0, 0.0, 0.0, 1.0],
                [0.986368, 0.147825, 0.072296, 0.124575, 0.030975, -0.598273, 0.800693, -0.106318, 0.161615, -0.787539, -0.594696, -0.052197, 0.0, 0.0, 0.0, 1.0],
                [0.985453, 0.148092, 0.083365, 0.124575, 0.0153, -0.565866, 0.824356, -0.066409, 0.169254, -0.811089, -0.5599, -0.055181, 0.0, 0.0, 0.0, 1.0],
                [0.984454, 0.146851, 0.096354, 0.124575, 0.002137, -0.558564, 0.829459, -0.024418, 0.175627, -0.816359, -0.550194, -0.057746, 0.0, 0.0, 0.0, 1.0],
                [0.983468, 0.143971, 0.109828, 0.124575, -0.008749, -0.56803, 0.822961, 0.01549, 0.180868, -0.810317, -0.55738, -0.059839, 0.0, 0.0, 0.0, 1.0],
                [0.982525, 0.140185, 0.12244, 0.124575, -0.017918, -0.583535, 0.81189, 0.049152, 0.185263, -0.799897, -0.570826, -0.061402, 0.0, 0.0, 0.0, 1.0],
                [0.981604, 0.137015, 0.132965, 0.124575, -0.026041, -0.593833, 0.804167, 0.072403, 0.189142, -0.792837, -0.57934, -0.062381, 0.0, 0.0, 0.0, 1.0],
                [0.980657, 0.135924, 0.140839, 0.124575, -0.033737, -0.5914, 0.805672, 0.081079, 0.192802, -0.794841, -0.575374, -0.06272, 0.0, 0.0, 0.0, 1.0],
                [0.979716, 0.135375, 0.147747, 0.124575, -0.040859, -0.58686, 0.808657, 0.081063, 0.196179, -0.798292, -0.569424, -0.062563, 0.0, 0.0, 0.0, 1.0],
                [0.978888, 0.132874, 0.155313, 0.124575, -0.046772, -0.594085, 0.803041, 0.080948, 0.198973, -0.793352, -0.575328, -0.06211, 0.0, 0.0, 0.0, 1.0],
                [0.978199, 0.128392, 0.163224, 0.124575, -0.051473, -0.611557, 0.789523, 0.080637, 0.201189, -0.780713, -0.591616, -0.061384, 0.0, 0.0, 0.0, 1.0],
                [0.977656, 0.121952, 0.171218, 0.124575, -0.05505, -0.637552, 0.768438, 0.080031, 0.202873, -0.760694, -0.616593, -0.06041, 0.0, 0.0, 0.0, 1.0],
                [0.977252, 0.113611, 0.179081, 0.124575, -0.057648, -0.670308, 0.73984, 0.079033, 0.204093, -0.733335, -0.648511, -0.059214, 0.0, 0.0, 0.0, 1.0],
                [0.976969, 0.103429, 0.186638, 0.124575, -0.05944, -0.708136, 0.703569, 0.077542, 0.204935, -0.698459, -0.685679, -0.05782, 0.0, 0.0, 0.0, 1.0],
                [0.976782, 0.091426, 0.193745, 0.124575, -0.060607, -0.749495, 0.659229, 0.075463, 0.205482, -0.655667, -0.726553, -0.056253, 0.0, 0.0, 0.0, 1.0],
                [0.976667, 0.077524, 0.200277, 0.124575, -0.061321, -0.793077, 0.606027, 0.072696, 0.205817, -0.604168, -0.769818, -0.054537, 0.0, 0.0, 0.0, 1.0],
                [0.976599, 0.061392, 0.206119, 0.124575, -0.061743, -0.838015, 0.542143, 0.069143, 0.206014, -0.542183, -0.814613, -0.052697, 0.0, 0.0, 0.0, 1.0],
                [0.977008, 0.04157, 0.209112, 0.124591, -0.061393, -0.884411, 0.462654, 0.064642, 0.204174, -0.464855, -0.861524, -0.050942, 0.0, 0.0, 0.0, 1.0],
                [0.978252, 0.009859, 0.207186, 0.124635, -0.059841, -0.942983, 0.32742, 0.059038, 0.198601, -0.332697, -0.921884, -0.04946, 0.0, 0.0, 0.0, 1.0],
                [0.980176, 0.000533, 0.198125, 0.1247, -0.057297, -0.956505, 0.286034, 0.052244, 0.189661, -0.291716, -0.937513, -0.048243, 0.0, 0.0, 0.0, 1.0],
                [0.982606, 0.000421, 0.185703, 0.124777, -0.053942, -0.956234, 0.287589, 0.044173, 0.177697, -0.292604, -0.939578, -0.047287, 0.0, 0.0, 0.0, 1.0],
                [0.985355, 0.000307, 0.17051, 0.124855, -0.049922, -0.955658, 0.290215, 0.034736, 0.163038, -0.294477, -0.941648, -0.046586, 0.0, 0.0, 0.0, 1.0],
                [0.988246, 0.000204, 0.152874, 0.124924, -0.04534, -0.954616, 0.294371, 0.023847, 0.145996, -0.297843, -0.943385, -0.046133, 0.0, 0.0, 0.0, 1.0],
                [0.991131, 0.015529, 0.131974, 0.124974, -0.039971, -0.912316, 0.407532, 0.011417, 0.126731, -0.409192, -0.903604, -0.045921, 0.0, 0.0, 0.0, 1.0],
                [0.993859, 0.024152, 0.107991, 0.124996, -0.033624, -0.863842, 0.502641, -0.002639, 0.105427, -0.503185, -0.857724, -0.045945, 0.0, 0.0, 0.0, 1.0],
                [0.996245, 0.025516, 0.082734, 0.12498, -0.026443, -0.820254, 0.571388, -0.018411, 0.082443, -0.57143, -0.8165, -0.046196, 0.0, 0.0, 0.0, 1.0],
                [0.998133, 0.022178, 0.056901, 0.124923, -0.018607, -0.776986, 0.629243, -0.035983, 0.058167, -0.629127, -0.775123, -0.046667, 0.0, 0.0, 0.0, 1.0],
                [0.999402, 0.014891, 0.031225, 0.124818, -0.010327, -0.733039, 0.680109, -0.055443, 0.033017, -0.680023, -0.732446, -0.047349, 0.0, 0.0, 0.0, 1.0],
                [0.99997, 0.004125, 0.006457, 0.124666, -0.001846, -0.688184, 0.725534, -0.076878, 0.007437, -0.725524, -0.688156, -0.048234, 0.0, 0.0, 0.0, 1.0],
                [0.999814, -0.009735, -0.016642, 0.124468, 0.006585, -0.638823, 0.769325, -0.102068, -0.018121, -0.769292, -0.63864, -0.049314, 0.0, 0.0, 0.0, 1.0],
                [0.998958, -0.026281, -0.037308, 0.124226, 0.014709, -0.588468, 0.808387, -0.129709, -0.0432, -0.808093, -0.587468, -0.050582, 0.0, 0.0, 0.0, 1.0],
                [0.997496, -0.04426, -0.05516, 0.123949, 0.021992, -0.547157, 0.836741, -0.155259, -0.067216, -0.835859, -0.544814, -0.052028, 0.0, 0.0, 0.0, 1.0],
                [0.99561, -0.061762, -0.070325, 0.123643, 0.027584, -0.524376, 0.85104, -0.174175, -0.089439, -0.849244, -0.52037, -0.053646, 0.0, 0.0, 0.0, 1.0],
                [0.993563, -0.076588, -0.083473, 0.123322, 0.030503, -0.528764, 0.84822, -0.181918, -0.109101, -0.845306, -0.523024, -0.055429, 0.0, 0.0, 0.0, 1.0],
                [0.991612, -0.087402, -0.095213, 0.122996, 0.030212, -0.559522, 0.828264, -0.17827, -0.125666, -0.824194, -0.552189, -0.057817, 0.0, 0.0, 0.0, 1.0],
                [0.989927, -0.094192, -0.105696, 0.122681, 0.026953, -0.607532, 0.793837, -0.166955, -0.138987, -0.78869, -0.598874, -0.0611, 0.0, 0.0, 0.0, 1.0],
                [0.988596, -0.096941, -0.115244, 0.122391, 0.021308, -0.667518, 0.744289, -0.149345, -0.149079, -0.738256, -0.65784, -0.065052, 0.0, 0.0, 0.0, 1.0],
                [0.987653, -0.095758, -0.123982, 0.122142, 0.014023, -0.734208, 0.67878, -0.126812, -0.156027, -0.672138, -0.7238, -0.069446, 0.0, 0.0, 0.0, 1.0],
                [0.987114, -0.090752, -0.131793, 0.121948, 0.005841, -0.802637, 0.596439, -0.100728, -0.15991, -0.589524, -0.791764, -0.074053, 0.0, 0.0, 0.0, 1.0],
                [0.98699, -0.081966, -0.138316, 0.121823, -0.002578, -0.868245, 0.496129, -0.072464, -0.160758, -0.489318, -0.857161, -0.078648, 0.0, 0.0, 0.0, 1.0],
                [0.987294, -0.070155, -0.142576, 0.121779, -0.010691, -0.924554, 0.380902, -0.043393, -0.158542, -0.374538, -0.913557, -0.083002, 0.0, 0.0, 0.0, 1.0],
                [0.987766, -0.057055, -0.14513, 0.121779, -0.018283, -0.966617, 0.255574, -0.014951, -0.154867, -0.249794, -0.955834, -0.087077, 0.0, 0.0, 0.0, 1.0],
                [0.988149, -0.04336, -0.147242, 0.121779, -0.025507, -0.99232, 0.121041, 0.011419, -0.15136, -0.11585, -0.981667, -0.090855, 0.0, 0.0, 0.0, 1.0],
                [0.988459, -0.028774, -0.148731, 0.121779, -0.032475, -0.99922, -0.022515, 0.034334, -0.147967, 0.027086, -0.988622, -0.094138, 0.0, 0.0, 0.0, 1.0],
                [0.988705, -0.012055, -0.14939, 0.121779, -0.039312, -0.98272, -0.180875, 0.052412, -0.144628, 0.184706, -0.972094, -0.096729, 0.0, 0.0, 0.0, 1.0],
                [0.988894, 0.004163, -0.148566, 0.121779, -0.046162, -0.941567, -0.333648, 0.064273, -0.141273, 0.336801, -0.930917, -0.098428, 0.0, 0.0, 0.0, 1.0],
                [0.989028, 0.004162, -0.14767, 0.121779, -0.053198, -0.922507, -0.382297, 0.068533, -0.137818, 0.385959, -0.912164, -0.099039, 0.0, 0.0, 0.0, 1.0],
                [0.989102, -0.005602, -0.147127, 0.121779, -0.060312, -0.927006, -0.370168, 0.067146, -0.134314, 0.375008, -0.91724, -0.097818, 0.0, 0.0, 0.0, 1.0],
                [0.989114, -0.017948, -0.146054, 0.121779, -0.0673, -0.937823, -0.340528, 0.063284, -0.130861, 0.346651, -0.928821, -0.094419, 0.0, 0.0, 0.0, 1.0],
                [0.989066, -0.026921, -0.144992, 0.121779, -0.074204, -0.940513, -0.331558, 0.057398, -0.12744, 0.338693, -0.932227, -0.089238, 0.0, 0.0, 0.0, 1.0],
                [0.988962, -0.034551, -0.144085, 0.121779, -0.081034, -0.94024, -0.330731, 0.049936, -0.124047, 0.338756, -0.932661, -0.082672, 0.0, 0.0, 0.0, 1.0],
                [0.988802, -0.041258, -0.143414, 0.121779, -0.087767, -0.938023, -0.335276, 0.04135, -0.120693, 0.344109, -0.93114, -0.075115, 0.0, 0.0, 0.0, 1.0],
                [0.988592, -0.047213, -0.143025, 0.121779, -0.094347, -0.934327, -0.343705, 0.032089, -0.117405, 0.353279, -0.928122, -0.066965, 0.0, 0.0, 0.0, 1.0],
                [0.988339, -0.0525, -0.142931, 0.121779, -0.100681, -0.929519, -0.354766, 0.022603, -0.114232, 0.365019, -0.923965, -0.058617, 0.0, 0.0, 0.0, 1.0],
                [0.988056, -0.057155, -0.143105, 0.121779, -0.106634, -0.924008, -0.367204, 0.013342, -0.111242, 0.378078, -0.919066, -0.050466, 0.0, 0.0, 0.0, 1.0],
                [0.98776, -0.061174, -0.14348, 0.121779, -0.11203, -0.918288, -0.379734, 0.004756, -0.108526, 0.39116, -0.913902, -0.04291, 0.0, 0.0, 0.0, 1.0],
                [0.987479, -0.064512, -0.143957, 0.121779, -0.116655, -0.912933, -0.391083, -0.002706, -0.106193, 0.402979, -0.909027, -0.036343, 0.0, 0.0, 0.0, 1.0],
                [0.98724, -0.067083, -0.144416, 0.121779, -0.120262, -0.908552, -0.400088, -0.008592, -0.10437, 0.412351, -0.905027, -0.031163, 0.0, 0.0, 0.0, 1.0],
                [0.987077, -0.06876, -0.144742, 0.121779, -0.122599, -0.905695, -0.405817, -0.012454, -0.103188, 0.418319, -0.90242, -0.027764, 0.0, 0.0, 0.0, 1.0],
                [0.987018, -0.069366, -0.144857, 0.121779, -0.123424, -0.904716, -0.407745, -0.013841, -0.102771, 0.420331, -0.901532, -0.026543, 0.0, 0.0, 0.0, 1.0]
            ]
        },
        {
            "name": "Leg_R",
            "time": [0.0, 0.0167, 0.0333, 0.05, 0.0667, 0.0833, 0.1, 0.1167, 0.1333, 0.15, 0.1667, 0.1833, 0.2, 0.2167, 0.2333, 0.25, 0.2667, 0.2833, 0.3, 0.3167, 0.3333, 0.35, 0.3667, 0.3833, 0.4, 0.4167, 0.4333, 0.45, 0.4667, 0.4833, 0.5, 0.5167, 0.5333, 0.55, 0.5667, 0.5833, 0.6, 0.6167, 0.6333, 0.65, 0.6667, 0.6833, 0.7, 0.7167, 0.7333, 0.75, 0.7667, 0.7833, 0.8, 0.8167, 0.8333, 0.85, 0.8667, 0.8833, 0.9, 0.9167, 0.9333, 0.95, 0.9667, 0.9833, 1.0, 1.0167, 1.0333, 1.05, 1.0667, 1.0833, 1.1, 1.1167, 1.1333, 1.15, 1.1667, 1.1833, 1.2, 1.2167, 1.2333, 1.25, 1.2667, 1.2833],
            "transform": [
                [1.0, -0.0, 1e-06, 0.0, -0.0, 0.579324, 0.815097, 0.374726, -1e-06, -0.815097, 0.579324, -0.0, 0.0, 0.0, 0.0, 1.0],
                [1.000001, -1e-06, 1e-06, 0.0, -0.0, 0.565442, 0.824787, 0.374726, -1e-06, -0.824787, 0.565442, -0.0, 0.0, 0.0, 0.0, 1.0],
                [1.0, -0.0, 1e-06, -0.0, -0.0, 0.525934, 0.850526, 0.374726, -1e-06, -0.850525, 0.525933, -0.0, 0.0, 0.0, 0.0, 1.0],
                [1.0, -1e-06, 1e-06, 0.0, -0.0, 0.464381, 0.885635, 0.374726, -1e-06, -0.885636, 0.464381, -0.0, 0.0, 0.0, 0.0, 1.0],
                [1.0, -1e-06, 1e-06, -0.0, -0.0, 0.384715, 0.923035, 0.374726, -1e-06, -0.923036, 0.384715, 0.0, 0.0, 0.0, 0.0, 1.0],
                [1.0, -1e-06, 0.0, 0.0, -0.0, 0.291039, 0.956711, 0.374726, -1e-06, -0.956711, 0.291038, 0.0, 0.0, 0.0, 0.0, 1.0],
                [1.0, -1e-06, 0.0, 0.0, -0.0, 0.187459, 0.982272, 0.374726, -1e-06, -0.982273, 0.187459, 0.0, 0.0, 0.0, 0.0, 1.0],
                [1.000001, -1e-06, 0.0, -0.0, -0.0, 0.077967, 0.996955, 0.374726, -1e-06, -0.996956, 0.077967, -0.0, 0.0, 0.0, 0.0, 1.0],
                [1.0, -1e-06, 0.0, -0.0, -0.0, -0.033685, 0.999433, 0.374726, -1e-06, -0.999433, -0.033685, 0.0, 0.0, 0.0, 0.0, 1.0],
                [1.0, -1e-06, 0.0, -0.0, -0.0, -0.14406, 0.989569, 0.374726, -1e-06, -0.98957, -0.14406, 0.0, 0.0, 0.0, 0.0, 1.0],
                [1.0, -1e-06, 0.0, 0.0, -0.0, -0.250112, 0.968217, 0.374726, -1e-06, -0.968217, -0.250112, -0.0, 0.0, 0.0, 0.0, 1.0],
                [1.0, -1e-06, 0.0, 0.0, -0.0, -0.349215, 0.937042, 0.374726, -1e-06, -0.937043, -0.349215, -0.0, 0.0, 0.0, 0.0, 1.0],
                [1.0, -1e-06, -0.0, -0.0, -0.0, -0.439178, 0.8984, 0.374726, -1e-06, -0.8984, -0.439178, 0.0, 0.0, 0.0, 0.0, 1.0],
                [1.0, -1e-06, -0.0, 0.0, -0.0, -0.518229, 0.855242, 0.374726, -1e-06, -0.855242, -0.518229, 0.0, 0.0, 0.0, 0.0, 1.0],
                [1.0, -1e-06, -0.0, 0.0, -0.0, -0.584968, 0.811056, 0.374726, -1e-06, -0.811057, -0.584968, -0.0, 0.0, 0.0, 0.0, 1.0],
                [1.0, -1e-06, -0.0, -0.0, -0.0, -0.638307, 0.769781, 0.374726, -1e-06, -0.769781, -0.638308, -0.0, 0.0, 0.0, 0.0, 1.0],
                [1.000001, -1e-06, -0.0, -0.0, -0.0, -0.677374, 0.735639, 0.374726, -1e-06, -0.735639, -0.677374, 0.0, 0.0, 0.0, 0.0, 1.0],
                [1.0, -1e-06, -0.0, -0.0, -0.0, -0.688997, 0.724764, 0.374726, -1e-06, -0.724764, -0.688997, 0.0, 0.0, 0.0, 0.0, 1.0],
                [1.0, -1e-06, -0.0, 0.0, -0.0, -0.662733, 0.748856, 0.374726, -1e-06, -0.748856, -0.662733, -0.0, 0.0, 0.0, 0.0, 1.0],
                [1.0, -1e-06, -0.0, -0.0, -0.0, -0.600694, 0.799479, 0.374726, -1e-06, -0.799479, -0.600695, -0.0, 0.0, 0.0, 0.0, 1.0],
                [1.0, -1e-06, -0.0, -0.0, -0.0, -0.506246, 0.862389, 0.374726, -1e-06, -0.86239, -0.506245, -0.0, 0.0, 0.0, 0.0, 1.0],
                [1.0, -1e-06, -0.0, -0.0, -0.0, -0.386497, 0.92229, 0.374726, -1e-06, -0.922291, -0.386497, -0.0, 0.0, 0.0, 0.0, 1.0],
                [1.000001, -1e-06, 0.0, 0.0, -0.0, -0.253581, 0.967314, 0.374726, -1e-06, -0.967314, -0.253581, -0.0, 0.0, 0.0, 0.0, 1.0],
                [1.0, -1e-06, 0.0, 0.0, -0.0, -0.124687, 0.992196, 0.374726, -1e-06, -0.992196, -0.124686, 0.0, 0.0, 0.0, 0.0, 1.0],
                [1.0, -1e-06, 0.0, 0.0, -0.0, -0.020864, 0.999782, 0.374726, -1e-06, -0.999782, -0.020864, -0.0, 0.0, 0.0, 0.0, 1.0],
                [1.0, -1e-06, 0.0, -0.0, -0.0, 0.044115, 0.999026, 0.374726, -1e-06, -0.999027, 0.044114, -0.0, 0.0, 0.0, 0.0, 1.0],
                [1.000001, -1e-06, 0.0, 0.0, -0.0, 0.095413, 0.995437, 0.374726, -1e-06, -0.995438, 0.095413, -0.0, 0.0, 0.0, 0.0, 1.0],
                [1.0, -1e-06, 0.0, 0.0, -0.0, 0.162493, 0.986709, 0.374726, -1e-06, -0.98671, 0.162493, 0.0, 0.0, 0.0, 0.0, 1.0],
                [1.0, -1e-06, 0.0, 0.0, -0.0, 0.242729, 0.970094, 0.374726, -1e-06, -0.970094, 0.242729, 0.0, 0.0, 0.0, 0.0, 1.0],
                [1.0, -1e-06, 0.0, -0.0, -0.0, 0.333508, 0.942747, 0.374726, -1e-06, -0.942748, 0.333508, 0.0, 0.0, 0.0, 0.0, 1.0],
                [1.000001, -1e-06, 1e-06, 0.0, -0.0, 0.432095, 0.901828, 0.374726, -1e-06, -0.901828, 0.432095, -0.0, 0.0, 0.0, 0.0, 1.0],
                [1.000001, -1e-06, 1e-06, 0.0, -0.0, 0.535508, 0.84453, 0.374726, -1e-06, -0.84453, 0.535508, -0.0, 0.0, 0.0, 0.0, 1.0],
                [1.000001, -0.0, 1e-06, 0.0, -0.0, 0.640459, 0.767992, 0.374726, -1e-06, -0.767992, 0.640459, 0.0, 0.0, 0.0, 0.0, 1.0],
                [1.0, -0.0, 1e-06, 0.0, -0.0, 0.743313, 0.668944, 0.374726, -1e-06, -0.668945, 0.743312, 0.0, 0.0, 0.0, 0.0, 1.0],
                [1.0, -0.0, 1e-06, -0.0, -0.0, 0.840101, 0.54243, 0.374726, -1e-06, -0.54243, 0.840101, -0.0, 0.0, 0.0, 0.0, 1.0],
                [1.0, -0.0, 1e-06, -0.0, -0.0, 0.925975, 0.377586, 0.374726, -1e-06, -0.377586, 0.925975, -0.0, 0.0, 0.0, 0.0, 1.0],
                [1.0, 0.0, 1e-06, 0.0, -0.0, 0.995912, 0.090326, 0.374726, -1e-06, -0.090326, 0.995912, -0.0, 0.0, 0.0, 0.0, 1.0],
                [1.0, 0.0, 1e-06, -0.0, -0.0, 0.999999, 0.00146, 0.374726, -1e-06, -0.00146, 0.999999, -0.0, 0.0, 0.0, 0.0, 1.0],
                [1.0, 0.0, 1e-06, 0.0, -0.0, 0.999998, 0.001461, 0.374726, -1e-06, -0.001461, 0.999999, 0.0, 0.0, 0.0, 0.0, 1.0],
                [1.0, 0.0, 1e-06, 0.0, -0.0, 0.999999, 0.001461, 0.374726, -1e-06, -0.001461, 0.999999, 0.0, 0.0, 0.0, 0.0, 1.0],
                [1.0, 0.0, 1e-06, -0.0, -0.0, 0.999999, 0.00146, 0.374726, -1e-06, -0.00146, 0.999999, -0.0, 0.0, 0.0, 0.0, 1.0],
                [1.0, 0.0, 1e-06, -0.0, -0.0, 0.972799, 0.231649, 0.374726, -1e-06, -0.231649, 0.972799, -0.0, 0.0, 0.0, 0.0, 1.0],
                [1.0, -0.0, 1e-06, 0.0, -0.0, 0.904779, 0.42588, 0.374726, -1e-06, -0.42588, 0.904779, -0.0, 0.0, 0.0, 0.0, 1.0],
                [1.0, -0.0, 1e-06, 0.0, -0.0, 0.826661, 0.562699, 0.374726, -1e-06, -0.5627, 0.826662, -0.0, 0.0, 0.0, 0.0, 1.0],
                [1.0, -0.0, 1e-06, -0.0, -0.0, 0.738679, 0.674057, 0.374726, -1e-06, -0.674057, 0.738679, -0.0, 0.0, 0.0, 0.0, 1.0],
                [1.0, -0.0, 1e-06, -0.0, -0.0, 0.641228, 0.76735, 0.374726, -1e-06, -0.76735, 0.641229, 0.0, 0.0, 0.0, 0.0, 1.0],
                [1.0, -0.0, 1e-06, 0.0, -0.0, 0.534905, 0.844912, 0.374726, -1e-06, -0.844912, 0.534905, -0.0, 0.0, 0.0, 0.0, 1.0],
                [1.0, -1e-06, 1e-06, -0.0, -0.0, 0.41326, 0.910613, 0.374726, -1e-06, -0.910614, 0.41326, 0.0, 0.0, 0.0, 0.0, 1.0],
                [1.0, -1e-06, 0.0, 0.0, -0.0, 0.283978, 0.95883, 0.374726, -1e-06, -0.95883, 0.283978, -0.0, 0.0, 0.0, 0.0, 1.0],
                [1.0, -1e-06, 0.0, -0.0, -0.0, 0.16661, 0.986022, 0.374726, -1e-06, -0.986023, 0.16661, -0.0, 0.0, 0.0, 0.0, 1.0],
                [1.0, -1e-06, 0.0, 0.0, -0.0, 0.077638, 0.996981, 0.374726, -1e-06, -0.996981, 0.077637, -0.0, 0.0, 0.0, 0.0, 1.0],
                [1.0, -1e-06, 0.0, -0.0, -0.0, 0.031871, 0.999492, 0.374726, -1e-06, -0.999492, 0.031871, 0.0, 0.0, 0.0, 0.0, 1.0],
                [1.0, -1e-06, 0.0, -0.0, -0.0, 0.028711, 0.999588, 0.374726, -1e-06, -0.999587, 0.028711, 0.0, 0.0, 0.0, 0.0, 1.0],
                [1.0, -1e-06, 0.0, 0.0, -0.0, 0.055661, 0.99845, 0.374726, -1e-06, -0.99845, 0.055661, -0.0, 0.0, 0.0, 0.0, 1.0],
                [1.0, -1e-06, 0.0, -0.0, -0.0, 0.110656, 0.993859, 0.374726, -1e-06, -0.993859, 0.110657, -0.0, 0.0, 0.0, 0.0, 1.0],
                [1.0, -1e-06, 0.0, -0.0, -0.0, 0.191975, 0.9814, 0.374726, -1e-06, -0.9814, 0.191974, 0.0, 0.0, 0.0, 0.0, 1.0],
                [1.0, -1e-06, 0.0, -0.0, -0.0, 0.297649, 0.954675, 0.374726, -1e-06, -0.954675, 0.297649, 0.0, 0.0, 0.0, 0.0, 1.0],
                [0.999999, -1e-06, 1e-06, 0.0, -0.0, 0.42504, 0.905174, 0.374726, -1e-06, -0.905174, 0.425041, -0.0, 0.0, 0.0, 0.0, 1.0],
                [1.0, -0.0, 1e-06, -0.0, -0.0, 0.560965, 0.82784, 0.374726, -1e-06, -0.827839, 0.560964, -0.0, 0.0, 0.0, 0.0, 1.0],
                [1.0, -0.0, 1e-06, 0.0, -0.0, 0.690475, 0.723356, 0.374726, -1e-06, -0.723355, 0.690476, -0.0, 0.0, 0.0, 0.0, 1.0],
                [1.0, -0.0, 1e-06, -0.0, -0.0, 0.807251, 0.590208, 0.374726, -1e-06, -0.590207, 0.807251, -0.0, 0.0, 0.0, 0.0, 1.0],
                [1.0, -0.0, 1e-06, -0.0, -0.0, 0.904725, 0.425994, 0.374726, -1e-06, -0.425994, 0.904725, 0.0, 0.0, 0.0, 0.0, 1.0],
                [1.0, 0.0, 1e-06, -0.0, -0.0, 0.976216, 0.2168, 0.374726, -1e-06, -0.216799, 0.976216, 0.0, 0.0, 0.0, 0.0, 1.0],
                [1.0, 0.0, 1e-06, -0.0, -0.0, 0.999999, 0.00146, 0.374726, -1e-06, -0.00146, 0.999999, 0.0, 0.0, 0.0, 0.0, 1.0],
                [1.0, 0.0, 1e-06, 0.0, -0.0, 0.999999, 0.00146, 0.374726, -1e-06, -0.00146, 0.999999, -0.0, 0.0, 0.0, 0.0, 1.0],
                [1.0, 0.0, 1e-06, -0.0, -0.0, 0.990975, 0.134043, 0.374726, -1e-06, -0.134043, 0.990975, -0.0, 0.0, 0.0, 0.0, 1.0],
                [1.0, 0.0, 1e-06, 0.0, -0.0, 0.954327, 0.298764, 0.374726, -1e-06, -0.298763, 0.954327, -0.0, 0.0, 0.0, 0.0, 1.0],
                [1.0, -0.0, 1e-06, -0.0, -0.0, 0.910411, 0.413704, 0.374726, -1e-06, -0.413703, 0.910412, 0.0, 0.0, 0.0, 0.0, 1.0],
                [1.0, -0.0, 1e-06, 0.0, -0.0, 0.862561, 0.505952, 0.374726, -1e-06, -0.505951, 0.862561, 0.0, 0.0, 0.0, 0.0, 1.0],
                [1.0, -0.0, 1e-06, 0.0, -0.0, 0.813672, 0.581325, 0.374726, -1e-06, -0.581324, 0.813672, -0.0, 0.0, 0.0, 0.0, 1.0],
                [1.0, -0.0, 1e-06, 0.0, -0.0, 0.766125, 0.642692, 0.374726, -1e-06, -0.642692, 0.766124, 0.0, 0.0, 0.0, 0.0, 1.0],
                [1.0, -0.0, 1e-06, 0.0, -0.0, 0.721773, 0.69213, 0.374726, -1e-06, -0.69213, 0.721772, -0.0, 0.0, 0.0, 0.0, 1.0],
                [1.0, -0.0, 1e-06, 0.0, -0.0, 0.68197, 0.73138, 0.374726, -1e-06, -0.73138, 0.68197, -0.0, 0.0, 0.0, 0.0, 1.0],
                [1.0, -0.0, 1e-06, 0.0, -0.0, 0.647662, 0.761927, 0.374726, -1e-06, -0.761927, 0.647662, -0.0, 0.0, 0.0, 0.0, 1.0],
                [0.999999, -0.0, 1e-06, 0.0, -0.0, 0.619521, 0.78498, 0.374726, -1e-06, -0.784979, 0.619521, -0.0, 0.0, 0.0, 0.0, 1.0],
                [1.0, -0.0, 1e-06, -0.0, -0.0, 0.598155, 0.801381, 0.374726, -1e-06, -0.801381, 0.598154, -0.0, 0.0, 0.0, 0.0, 1.0],
                [1.0, -0.0, 1e-06, 0.0, -0.0, 0.584336, 0.811511, 0.374726, -1e-06, -0.811512, 0.584336, 0.0, 0.0, 0.0, 0.0, 1.0],
                [1.0, -0.0, 1e-06, 0.0, -0.0, 0.579324, 0.815097, 0.374726, -1e-06, -0.815097, 0.579324, 0.0, 0.0, 0.0, 0.0, 1.0]
            ]
        },
        {
            "name": "Knee_R",
            "time": [0.0, 0.0167, 0.0333, 0.05, 0.0667, 0.0833, 0.1, 0.1167, 0.1333, 0.15, 0.1667, 0.1833, 0.2, 0.2167, 0.2333, 0.25, 0.2667, 0.2833, 0.3, 0.3167, 0.3333, 0.35, 0.3667, 0.3833, 0.4, 0.4167, 0.4333, 0.45, 0.4667, 0.4833, 0.5, 0.5167, 0.5333, 0.55, 0.5667, 0.5833, 0.6, 0.6167, 0.6333, 0.65, 0.6667, 0.6833, 0.7, 0.7167, 0.7333, 0.75, 0.7667, 0.7833, 0.8, 0.8167, 0.8333, 0.85, 0.8667, 0.8833, 0.9, 0.9167, 0.9333, 0.95, 0.9667, 0.9833, 1.0, 1.0167, 1.0333, 1.05, 1.0667, 1.0833, 1.1, 1.1167, 1.1333, 1.15, 1.1667, 1.1833, 1.2, 1.2167, 1.2333, 1.25, 1.2667, 1.2833],
            "transform": [
                [1.0, 0.0, -0.0, 0.0, -0.0, 0.00567, -0.999984, 0.462527, -0.0, 0.999984, 0.00567, -0.000498, 0.0, 0.0, 0.0, 1.0],
                [1.0, 0.0, -0.0, 0.0, -0.0, 0.00567, -0.999984, 0.466081, -0.0, 0.999984, 0.00567, -0.000518, 0.0, 0.0, 0.0, 1.0],
                [1.0, 0.0, -0.0, 0.0, -0.0, 0.00567, -0.999984, 0.475983, -0.0, 0.999984, 0.00567, -0.000574, 0.0, 0.0, 0.0, 1.0],
                [1.0, 0.0, -0.0, 0.0, -0.0, 0.00567, -0.999984, 0.490868, -0.0, 0.999984, 0.00567, -0.000659, 0.0, 0.0, 0.0, 1.0],
                [1.0, 0.0, -0.0, 0.0, -0.0, 0.00567, -0.999984, 0.509367, -0.0, 0.999984, 0.00567, -0.000763, 0.0, 0.0, 0.0, 1.0],
                [1.0, 0.0, -0.0, 0.0, -0.0, 0.00567, -0.999984, 0.53028, -0.0, 0.999984, 0.00567, -0.000882, 0.0, 0.0, 0.0, 1.0],
                [1.0, 0.0, -0.0, 0.0, -0.0, 0.00567, -0.999984, 0.552709, -0.0, 0.999984, 0.00567, -0.001009, 0.0, 0.0, 0.0, 1.0],
                [1.0, 0.0, -0.0, 0.0, -0.0, 0.00567, -0.999984, 0.57592, -0.0, 0.999984, 0.00567, -0.001141, 0.0, 0.0, 0.0, 1.0],
                [1.0, 0.0, -0.0, 0.0, -0.0, 0.00567, -0.999984, 0.594723, -0.0, 0.999984, 0.00567, -0.001247, 0.0, 0.0, 0.0, 1.0],
                [1.0, 0.0, -0.0, 0.0, -0.0, 0.00567, -0.999984, 0.594723, -0.0, 0.999984, 0.00567, -0.001247, 0.0, 0.0, 0.0, 1.0],
                [1.0, 0.0, -0.0, 0.0, -0.0, 0.00567, -0.999984, 0.594723, -0.0, 0.999984, 0.00567, -0.001247, 0.0, 0.0, 0.0, 1.0],
                [1.0, 0.0, -0.0, 0.0, -0.0, 0.00567, -0.999984, 0.594723, -0.0, 0.999984, 0.00567, -0.001247, 0.0, 0.0, 0.0, 1.0],
                [1.0, 0.0, -0.0, 0.0, -0.0, 0.00567, -0.999984, 0.594723, -0.0, 0.999984, 0.00567, -0.001247, 0.0, 0.0, 0.0, 1.0],
                [1.0, 0.0, -0.0, 0.0, -0.0, 0.00567, -0.999984, 0.594723, -0.0, 0.999984, 0.00567, -0.001247, 0.0, 0.0, 0.0, 1.0],
                [1.0, 0.0, -0.0, 0.0, -0.0, 0.00567, -0.999984, 0.594723, -0.0, 0.999984, 0.00567, -0.001247, 0.0, 0.0, 0.0, 1.0],
                [1.0, 0.0, -0.0, 0.0, -0.0, 0.00567, -0.999984, 0.594723, -0.0, 0.999984, 0.00567, -0.001247, 0.0, 0.0, 0.0, 1.0],
                [1.0, 0.0, -0.0, -0.0, -0.0, 0.00567, -0.999984, 0.594723, -0.0, 0.999984, 0.00567, -0.001247, 0.0, 0.0, 0.0, 1.0],
                [1.0, 0.0, -0.0, 0.0, -0.0, 0.00567, -0.999984, 0.594723, -0.0, 0.999984, 0.00567, -0.001247, 0.0, 0.0, 0.0, 1.0],
                [1.0, 0.0, -0.0, 0.0, -0.0, 0.00567, -0.999984, 0.594723, -0.0, 0.999984, 0.00567, -0.001247, 0.0, 0.0, 0.0, 1.0],
                [1.0, 0.0, -0.0, 0.0, -0.0, 0.00567, -0.999984, 0.594723, -0.0, 0.999984, 0.00567, -0.001247, 0.0, 0.0, 0.0, 1.0],
                [1.0, 0.0, -0.0, 0.0, -0.0, 0.00567, -0.999984, 0.594723, -0.0, 0.999984, 0.00567, -0.001247, 0.0, 0.0, 0.0, 1.0],
                [1.0, 0.0, -0.0, 0.0, -0.0, 0.00567, -0.999984, 0.594723, -0.0, 0.999984, 0.00567, -0.001247, 0.0, 0.0, 0.0, 1.0],
                [1.0, 0.0, -0.0, 0.0, -0.0, 0.00567, -0.999984, 0.594723, -0.0, 0.999984, 0.00567, -0.001248, 0.0, 0.0, 0.0, 1.0],
                [1.0, 0.0, -0.0, 0.0, -0.0, 0.00567, -0.999984, 0.594723, -0.0, 0.999984, 0.00567, -0.001247, 0.0, 0.0, 0.0, 1.0],
                [1.0, 0.0, -0.0, 0.0, -0.0, 0.00567, -0.999984, 0.594723, -0.0, 0.999984, 0.00567, -0.001247, 0.0, 0.0, 0.0, 1.0],
                [1.0, 0.0, -0.0, 0.0, -0.0, 0.00567, -0.999984, 0.583063, -0.0, 0.999984, 0.00567, -0.001181, 0.0, 0.0, 0.0, 1.0],
                [1.0, 0.0, -0.0, 0.0, -0.0, 0.00567, -0.999984, 0.572242, -0.0, 0.999984, 0.00567, -0.00112, 0.0, 0.0, 0.0, 1.0],
                [1.0, 0.0, -0.0, 0.0, -0.0, 0.00567, -0.999984, 0.558034, -0.0, 0.999984, 0.00567, -0.001039, 0.0, 0.0, 0.0, 1.0],
                [1.0, 0.0, -0.0, 0.0, -0.0, 0.00567, -0.999984, 0.540824, -0.0, 0.999984, 0.00567, -0.000942, 0.0, 0.0, 0.0, 1.0],
                [1.0, 0.0, -0.0, -0.0, -0.0, 0.00567, -0.999984, 0.520891, -0.0, 0.999984, 0.00567, -0.000829, 0.0, 0.0, 0.0, 1.0],
                [1.0, 0.0, -0.0, 0.0, -0.0, 0.00567, -0.999984, 0.498466, -0.0, 0.999984, 0.00567, -0.000702, 0.0, 0.0, 0.0, 1.0],
                [1.0, 0.0, -0.0, 0.0, -0.0, 0.00567, -0.999984, 0.473611, -0.0, 0.999984, 0.00567, -0.000561, 0.0, 0.0, 0.0, 1.0],
                [1.0, 0.0, -0.0, 0.0, -0.0, 0.00567, -0.999984, 0.446304, -0.0, 0.999984, 0.00567, -0.000406, 0.0, 0.0, 0.0, 1.0],
                [1.0, 0.0, -0.0, 0.0, -0.0, 0.00567, -0.999984, 0.416284, -0.0, 0.999984, 0.00567, -0.000236, 0.0, 0.0, 0.0, 1.0],
                [1.0, 0.0, -0.0, -0.0, -0.0, 0.00567, -0.999984, 0.382783, -0.0, 0.999984, 0.00567, -4.6e-05, 0.0, 0.0, 0.0, 1.0],
                [1.0, 0.0, -0.0, -0.0, -0.0, 0.00567, -0.999984, 0.374726, -0.0, 0.999984, 0.00567, -0.0, 0.0, 0.0, 0.0, 1.0],
                [1.0, 0.0, -0.0, 0.0, -0.0, 0.00567, -0.999984, 0.374726, -0.0, 0.999984, 0.00567, -0.0, 0.0, 0.0, 0.0, 1.0],
                [1.0, 0.0, -0.0, 0.0, -0.0, 0.00567, -0.999984, 0.374726, -0.0, 0.999984, 0.00567, 0.0, 0.0, 0.0, 0.0, 1.0],
                [1.0, 0.0, -0.0, 0.0, -0.0, 0.00567, -0.999984, 0.374726, -0.0, 0.999984, 0.00567, -0.0, 0.0, 0.0, 0.0, 1.0],
                [1.0, 0.0, -0.0, 0.0, -0.0, 0.00567, -0.999984, 0.374726, -0.0, 0.999984, 0.00567, 0.0, 0.0, 0.0, 0.0, 1.0],
                [1.0, 0.0, -0.0, -0.0, -0.0, 0.00567, -0.999984, 0.374726, -0.0, 0.999984, 0.00567, -0.0, 0.0, 0.0, 0.0, 1.0],
                [1.0, 0.0, -0.0, -0.0, -0.0, 0.00567, -0.999984, 0.374726, -0.0, 0.999984, 0.00567, 0.0, 0.0, 0.0, 0.0, 1.0],
