{
    "animation": [
        {
            "name": "Root",
            "time": [0.0, 0.0167, 0.0333, 0.05, 0.0667, 0.0833, 0.1, 0.1167, 0.1333, 0.15, 0.1667, 0.1833, 0.2, 0.2167, 0.2333, 0.25, 0.2667, 0.2833, 0.3, 0.3167, 0.3333, 0.35, 0.3667, 0.3833, 0.4, 0.4167, 0.4333, 0.45, 0.4667, 0.4833, 0.5, 0.5167, 0.5333, 0.55, 0.5667, 0.5833, 0.6, 0.6167, 0.6333, 0.65, 0.6667, 0.6833, 0.7, 0.7167, 0.7333, 0.75, 0.7667, 0.7833, 0.8, 0.8167, 0.8333, 0.85, 0.8667, 0.8833, 0.9, 0.9167, 0.9333, 0.95, 0.9667, 0.9833, 1.0, 1.0167, 1.0333, 1.05, 1.0667, 1.0833, 1.1, 1.1167, 1.1333, 1.15, 1.1667, 1.1833, 1.2, 1.2167, 1.2333, 1.25, 1.2667, 1.2833],
            "transform": [
                [1.0, 0.0, 0.0, -5e-06, 0.0, 0.0, -1.0, 0.000946, 0.0, 1.0, 0.0, 0.76478, 0.0, 0.0, 0.0, 1.0],
                [1.0, 0.0, 0.0, -5e-06, 0.0, 0.0, -1.0, 0.000946, 0.0, 1.0, 0.0, 0.76478, 0.0, 0.0, 0.0, 1.0],
                [1.0, 0.0, 0.0, -5e-06, 0.0, 0.0, -1.0, 0.000946, 0.0, 1.0, 0.0, 0.76478, 0.0, 0.0, 0.0, 1.0],
                [1.0, 0.0, 0.0, -5e-06, 0.0, 0.0, -1.0, 0.000946, 0.0, 1.0, 0.0, 0.76478, 0.0, 0.0, 0.0, 1.0],
                [1.0, 0.0, 0.0, -5e-06, 0.0, 0.0, -1.0, 0.000946, 0.0, 1.0, 0.0, 0.76478, 0.0, 0.0, 0.0, 1.0],
                [1.0, 0.0, 0.0, -5e-06, 0.0, 0.0, -1.0, 0.000946, 0.0, 1.0, 0.0, 0.76478, 0.0, 0.0, 0.0, 1.0],
                [1.0, 0.0, 0.0, -5e-06, 0.0, 0.0, -1.0, 0.000946, 0.0, 1.0, 0.0, 0.76478, 0.0, 0.0, 0.0, 1.0],
                [1.0, 0.0, 0.0, -5e-06, 0.0, 0.0, -1.0, 0.000946, 0.0, 1.0, 0.0, 0.76478, 0.0, 0.0, 0.0, 1.0],
                [1.0, 0.0, 0.0, -5e-06, 0.0, 0.0, -1.0, 0.000946, 0.0, 1.0, 0.0, 0.76478, 0.0, 0.0, 0.0, 1.0],
                [1.0, 0.0, 0.0, -5e-06, 0.0, 0.0, -1.0, 0.000946, 0.0, 1.0, 0.0, 0.76478, 0.0, 0.0, 0.0, 1.0],
                [1.0, 0.0, 0.0, -5e-06, 0.0, 0.0, -1.0, 0.000946, 0.0, 1.0, 0.0, 0.76478, 0.0, 0.0, 0.0, 1.0],
                [1.0, 0.0, 0.0, -5e-06, 0.0, 0.0, -1.0, 0.000946, 0.0, 1.0, 0.0, 0.76478, 0.0, 0.0, 0.0, 1.0],
                [1.0, 0.0, 0.0, -5e-06, 0.0, 0.0, -1.0, 0.000946, 0.0, 1.0, 0.0, 0.76478, 0.0, 0.0, 0.0, 1.0],
                [1.0, 0.0, 0.0, -5e-06, 0.0, 0.0, -1.0, 0.000946, 0.0, 1.0, 0.0, 0.76478, 0.0, 0.0, 0.0, 1.0],
                [1.0, 0.0, 0.0, -5e-06, 0.0, 0.0, -1.0, 0.000946, 0.0, 1.0, 0.0, 0.76478, 0.0, 0.0, 0.0, 1.0],
                [1.0, 0.0, 0.0, -5e-06, 0.0, 0.0, -1.0, 0.000946, 0.0, 1.0, 0.0, 0.76478, 0.0, 0.0, 0.0, 1.0],
                [1.0, 0.0, 0.0, -5e-06, 0.0, 0.0, -1.0, 0.000946, 0.0, 1.0, 0.0, 0.76478, 0.0, 0.0, 0.0, 1.0],
                [1.0, 0.0, 0.0, -5e-06, 0.0, 0.0, -1.0, 0.000946, 0.0, 1.0, 0.0, 0.76478, 0.0, 0.0, 0.0, 1.0],
                [1.0, 0.0, 0.0, -5e-06, 0.0, 0.0, -1.0, 0.000946, 0.0, 1.0, 0.0, 0.76478, 0.0, 0.0, 0.0, 1.0],
                [1.0, 0.0, 0.0, -5e-06, 0.0, 0.0, -1.0, 0.000946, 0.0, 1.0, 0.0, 0.76478, 0.0, 0.0, 0.0, 1.0],
                [1.0, 0.0, 0.0, -5e-06, 0.0, 0.0, -1.0, 0.000946, 0.0, 1.0, 0.0, 0.76478, 0.0, 0.0, 0.0, 1.0],
                [1.0, 0.0, 0.0, -5e-06, 0.0, 0.0, -1.0, 0.000946, 0.0, 1.0, 0.0, 0.76478, 0.0, 0.0, 0.0, 1.0],
                [1.0, 0.0, 0.0, -5e-06, 0.0, 0.0, -1.0, 0.000946, 0.0, 1.0, 0.0, 0.76478, 0.0, 0.0, 0.0, 1.0],
                [1.0, 0.0, 0.0, -5e-06, 0.0, 0.0, -1.0, 0.000946, 0.0, 1.0, 0.0, 0.76478, 0.0, 0.0, 0.0, 1.0],
                [1.0, 0.0, 0.0, -5e-06, 0.0, 0.0, -1.0, 0.000946, 0.0, 1.0, 0.0, 0.76478, 0.0, 0.0, 0.0, 1.0],
                [1.0, 0.0, 0.0, -5e-06, 0.0, 0.0, -1.0, 0.000946, 0.0, 1.0, 0.0, 0.76478, 0.0, 0.0, 0.0, 1.0],
                [1.0, 0.0, 0.0, -5e-06, 0.0, 0.0, -1.0, 0.000946, 0.0, 1.0, 0.0, 0.76478, 0.0, 0.0, 0.0, 1.0],
                [1.0, 0.0, 0.0, -5e-06, 0.0, 0.0, -1.0, 0.000946, 0.0, 1.0, 0.0, 0.76478, 0.0, 0.0, 0.0, 1.0],
                [1.0, 0.0, 0.0, -5e-06, 0.0, 0.0, -1.0, 0.000946, 0.0, 1.0, 0.0, 0.76478, 0.0, 0.0, 0.0, 1.0],
                [1.0, 0.0, 0.0, -5e-06, 0.0, 0.0, -1.0, 0.000946, 0.0, 1.0, 0.0, 0.76478, 0.0, 0.0, 0.0, 1.0],
                [1.0, 0.0, 0.0, -5e-06, 0.0, 0.0, -1.0, 0.000946, 0.0, 1.0, 0.0, 0.76478, 0.0, 0.0, 0.0, 1.0],
                [1.0, 0.0, 0.0, -5e-06, 0.0, 0.0, -1.0, 0.000946, 0.0, 1.0, 0.0, 0.76478, 0.0, 0.0, 0.0, 1.0],
                [1.0, 0.0, 0.0, -5e-06, 0.0, 0.0, -1.0, 0.000946, 0.0, 1.0, 0.0, 0.76478, 0.0, 0.0, 0.0, 1.0],
                [1.0, 0.0, 0.0, -5e-06, 0.0, 0.0, -1.0, 0.000946, 0.0, 1.0, 0.0, 0.76478, 0.0, 0.0, 0.0, 1.0],
                [1.0, 0.0, 0.0, -5e-06, 0.0, 0.0, -1.0, 0.000946, 0.0, 1.0, 0.0, 0.76478, 0.0, 0.0, 0.0, 1.0],
                [1.0, 0.0, 0.0, -5e-06, 0.0, 0.0, -1.0, 0.000946, 0.0, 1.0, 0.0, 0.76478, 0.0, 0.0, 0.0, 1.0],
                [1.0, 0.0, 0.0, -5e-06, 0.0, 0.0, -1.0, 0.000946, 0.0, 1.0, 0.0, 0.76478, 0.0, 0.0, 0.0, 1.0],
                [1.0, 0.0, 0.0, -5e-06, 0.0, 0.0, -1.0, 0.000946, 0.0, 1.0, 0.0, 0.76478, 0.0, 0.0, 0.0, 1.0],
                [1.0, 0.0, 0.0, -5e-06, 0.0, 0.0, -1.0, 0.000946, 0.0, 1.0, 0.0, 0.76478, 0.0, 0.0, 0.0, 1.0],
                [1.0, 0.0, 0.0, -5e-06, 0.0, 0.0, -1.0, 0.000946, 0.0, 1.0, 0.0, 0.76478, 0.0, 0.0, 0.0, 1.0],
                [1.0, 0.0, 0.0, -5e-06, 0.0, 0.0, -1.0, 0.000946, 0.0, 1.0, 0.0, 0.76478, 0.0, 0.0, 0.0, 1.0],
                [1.0, 0.0, 0.0, -5e-06, 0.0, 0.0, -1.0, 0.000946, 0.0, 1.0, 0.0, 0.76478, 0.0, 0.0, 0.0, 1.0],
                [1.0, 0.0, 0.0, -5e-06, 0.0, 0.0, -1.0, 0.000946, 0.0, 1.0, 0.0, 0.76478, 0.0, 0.0, 0.0, 1.0],
                [1.0, 0.0, 0.0, -5e-06, 0.0, 0.0, -1.0, 0.000946, 0.0, 1.0, 0.0, 0.76478, 0.0, 0.0, 0.0, 1.0],
                [1.0, 0.0, 0.0, -5e-06, 0.0, 0.0, -1.0, 0.000946, 0.0, 1.0, 0.0, 0.76478, 0.0, 0.0, 0.0, 1.0],
                [1.0, 0.0, 0.0, -5e-06, 0.0, 0.0, -1.0, 0.000946, 0.0, 1.0, 0.0, 0.76478, 0.0, 0.0, 0.0, 1.0],
                [1.0, 0.0, 0.0, -5e-06, 0.0, 0.0, -1.0, 0.000946, 0.0, 1.0, 0.0, 0.76478, 0.0, 0.0, 0.0, 1.0],
                [1.0, 0.0, 0.0, -5e-06, 0.0, 0.0, -1.0, 0.000946, 0.0, 1.0, 0.0, 0.76478, 0.0, 0.0, 0.0, 1.0],
                [1.0, 0.0, 0.0, -5e-06, 0.0, 0.0, -1.0, 0.000946, 0.0, 1.0, 0.0, 0.76478, 0.0, 0.0, 0.0, 1.0],
                [1.0, 0.0, 0.0, -5e-06, 0.0, 0.0, -1.0, 0.000946, 0.0, 1.0, 0.0, 0.76478, 0.0, 0.0, 0.0, 1.0],
                [1.0, 0.0, 0.0, -5e-06, 0.0, 0.0, -1.0, 0.000946, 0.0, 1.0, 0.0, 0.76478, 0.0, 0.0, 0.0, 1.0],
                [1.0, 0.0, 0.0, -5e-06, 0.0, 0.0, -1.0, 0.000946, 0.0, 1.0, 0.0, 0.76478, 0.0, 0.0, 0.0, 1.0],
                [1.0, 0.0, 0.0, -5e-06, 0.0, 0.0, -1.0, 0.000946, 0.0, 1.0, 0.0, 0.76478, 0.0, 0.0, 0.0, 1.0],
                [1.0, 0.0, 0.0, -5e-06, 0.0, 0.0, -1.0, 0.000946, 0.0, 1.0, 0.0, 0.76478, 0.0, 0.0, 0.0, 1.0],
                [1.0, 0.0, 0.0, -5e-06, 0.0, 0.0, -1.0, 0.000946, 0.0, 1.0, 0.0, 0.76478, 0.0, 0.0, 0.0, 1.0],
                [1.0, 0.0, 0.0, -5e-06, 0.0, 0.0, -1.0, 0.000946, 0.0, 1.0, 0.0, 0.76478, 0.0, 0.0, 0.0, 1.0],
                [1.0, 0.0, 0.0, -5e-06, 0.0, 0.0, -1.0, 0.000946, 0.0, 1.0, 0.0, 0.76478, 0.0, 0.0, 0.0, 1.0],
                [1.0, 0.0, 0.0, -5e-06, 0.0, 0.0, -1.0, 0.000946, 0.0, 1.0, 0.0, 0.76478, 0.0, 0.0, 0.0, 1.0],
                [1.0, 0.0, 0.0, -5e-06, 0.0, 0.0, -1.0, 0.000946, 0.0, 1.0, 0.0, 0.76478, 0.0, 0.0, 0.0, 1.0],
                [1.0, 0.0, 0.0, -5e-06, 0.0, 0.0, -1.0, 0.000946, 0.0, 1.0, 0.0, 0.76478, 0.0, 0.0, 0.0, 1.0],
                [1.0, 0.0, 0.0, -5e-06, 0.0, 0.0, -1.0, 0.000946, 0.0, 1.0, 0.0, 0.76478, 0.0, 0.0, 0.0, 1.0],
                [1.0, 0.0, 0.0, -5e-06, 0.0, 0.0, -1.0, 0.000946, 0.0, 1.0, 0.0, 0.76478, 0.0, 0.0, 0.0, 1.0],
                [1.0, 0.0, 0.0, -5e-06, 0.0, 0.0, -1.0, 0.000946, 0.0, 1.0, 0.0, 0.76478, 0.0, 0.0, 0.0, 1.0],
                [1.0, 0.0, 0.0, -5e-06, 0.0, 0.0, -1.0, 0.000946, 0.0, 1.0, 0.0, 0.76478, 0.0, 0.0, 0.0, 1.0],
                [1.0, 0.0, 0.0, -5e-06, 0.0, 0.0, -1.0, 0.000946, 0.0, 1.0, 0.0, 0.76478, 0.0, 0.0, 0.0, 1.0],
                [1.0, 0.0, 0.0, -5e-06, 0.0, 0.0, -1.0, 0.000946, 0.0, 1.0, 0.0, 0.76478, 0.0, 0.0, 0.0, 1.0],
                [1.0, 0.0, 0.0, -5e-06, 0.0, 0.0, -1.0, 0.000946, 0.0, 1.0, 0.0, 0.76478, 0.0, 0.0, 0.0, 1.0],
                [1.0, 0.0, 0.0, -5e-06, 0.0, 0.0, -1.0, 0.000946, 0.0, 1.0, 0.0, 0.76478, 0.0, 0.0, 0.0, 1.0],
                [1.0, 0.0, 0.0, -5e-06, 0.0, 0.0, -1.0, 0.000946, 0.0, 1.0, 0.0, 0.76478, 0.0, 0.0, 0.0, 1.0],
                [1.0, 0.0, 0.0, -5e-06, 0.0, 0.0, -1.0, 0.000946, 0.0, 1.0, 0.0, 0.76478, 0.0, 0.0, 0.0, 1.0],
                [1.0, 0.0, 0.0, -5e-06, 0.0, 0.0, -1.0, 0.000946, 0.0, 1.0, 0.0, 0.76478, 0.0, 0.0, 0.0, 1.0],
                [1.0, 0.0, 0.0, -5e-06, 0.0, 0.0, -1.0, 0.000946, 0.0, 1.0, 0.0, 0.76478, 0.0, 0.0, 0.0, 1.0],
                [1.0, 0.0, 0.0, -5e-06, 0.0, 0.0, -1.0, 0.000946, 0.0, 1.0, 0.0, 0.76478, 0.0, 0.0, 0.0, 1.0],
                [1.0, 0.0, 0.0, -5e-06, 0.0, 0.0, -1.0, 0.000946, 0.0, 1.0, 0.0, 0.76478, 0.0, 0.0, 0.0, 1.0],
                [1.0, 0.0, 0.0, -5e-06, 0.0, 0.0, -1.0, 0.000946, 0.0, 1.0, 0.0, 0.76478, 0.0, 0.0, 0.0, 1.0],
                [1.0, 0.0, 0.0, -5e-06, 0.0, 0.0, -1.0, 0.000946, 0.0, 1.0, 0.0, 0.76478, 0.0, 0.0, 0.0, 1.0],
                [1.0, 0.0, 0.0, -5e-06, 0.0, 0.0, -1.0, 0.000946, 0.0, 1.0, 0.0, 0.76478, 0.0, 0.0, 0.0, 1.0],
                [1.0, 0.0, 0.0, -5e-06, 0.0, 0.0, -1.0, 0.000946, 0.0, 1.0, 0.0, 0.76478, 0.0, 0.0, 0.0, 1.0]
            ]
        },
        {
            "name": "Thigh_R",
            "time": [0.0, 0.0167, 0.0333, 0.05, 0.0667, 0.0833, 0.1, 0.1167, 0.1333, 0.15, 0.1667, 0.1833, 0.2, 0.2167, 0.2333, 0.25, 0.2667, 0.2833, 0.3, 0.3167, 0.3333, 0.35, 0.3667, 0.3833, 0.4, 0.4167, 0.4333, 0.45, 0.4667, 0.4833, 0.5, 0.5167, 0.5333, 0.55, 0.5667, 0.5833, 0.6, 0.6167, 0.6333, 0.65, 0.6667, 0.6833, 0.7, 0.7167, 0.7333, 0.75, 0.7667, 0.7833, 0.8, 0.8167, 0.8333, 0.85, 0.8667, 0.8833, 0.9, 0.9167, 0.9333, 0.95, 0.9667, 0.9833, 1.0, 1.0167, 1.0333, 1.05, 1.0667, 1.0833, 1.1, 1.1167, 1.1333, 1.15, 1.1667, 1.1833, 1.2, 1.2167, 1.2333, 1.25, 1.2667, 1.2833],
            "transform": [
                [0.987018, -0.069366, -0.144857, 0.121779, -0.123424, -0.904716, -0.407745, -0.013841, -0.102771, 0.420331, -0.901532, -0.026543, 0.0, 0.0, 0.0, 1.0],
                [0.987633, -0.068679, -0.140941, 0.121876, -0.120285, -0.908504, -0.400191, -0.014215, -0.10056, 0.412195, -0.905529, -0.026144, 0.0, 0.0, 0.0, 1.0],
                [0.989289, -0.066448, -0.129966, 0.122142, -0.111436, -0.918896, -0.378434, -0.01527, -0.09428, 0.388864, -0.916458, -0.025015, 0.0, 0.0, 0.0, 1.0],
                [0.991621, -0.062128, -0.113254, 0.122532, -0.09779, -0.933895, -0.343915, -0.016908, -0.084401, 0.352109, -0.932145, -0.023253, 0.0, 0.0, 0.0, 1.0],
                [0.994209, -0.055073, -0.092274, 0.122996, -0.080351, -0.951164, -0.298045, -0.019027, -0.071354, 0.303734, -0.950081, -0.020958, 0.0, 0.0, 0.0, 1.0],
                [0.996639, -0.044816, -0.068568, 0.123484, -0.060201, -0.968385, -0.242087, -0.02153, -0.055551, 0.245402, -0.967829, -0.01823, 0.0, 0.0, 0.0, 1.0],
                [0.998558, -0.031219, -0.043663, 0.123949, -0.038492, -0.98343, -0.177155, -0.024318, -0.037409, 0.178581, -0.983214, -0.01517, 0.0, 0.0, 0.0, 1.0],
                [0.999714, -0.014511, -0.018981, 0.124352, -0.016414, -0.994413, -0.104276, -0.027294, -0.017362, 0.104557, -0.994367, -0.011884, 0.0, 0.0, 0.0, 1.0],
                [0.99998, 0.004738, 0.00425, 0.124666, 0.00484, -0.999689, -0.024468, -0.030361, 0.004133, 0.024488, -0.999691, -0.00848, 0.0, 0.0, 0.0, 1.0],
                [0.999356, 0.025698, 0.02507, 0.124877, 0.024124, -0.997836, 0.061177, -0.033425, 0.026587, -0.060533, -0.997812, -0.00507, 0.0, 0.0, 0.0, 1.0],
                [0.997958, 0.047377, 0.042832, 0.12498, 0.040388, -0.987643, 0.151426, -0.036392, 0.049477, -0.149387, -0.987541, -0.001765, 0.0, 0.0, 0.0, 1.0],
                [0.995994, 0.068722, 0.057222, 0.124989, 0.052733, -0.968133, 0.244824, -0.039165, 0.072223, -0.240825, -0.967877, 0.001325, 0.0, 0.0, 0.0, 1.0],
                [0.993718, 0.088708, 0.068235, 0.124924, 0.060469, -0.938619, 0.339615, -0.041651, 0.094173, -0.333355, -0.938086, 0.004089, 0.0, 0.0, 0.0, 1.0],
                [0.991406, 0.1064, 0.076113, 0.124816, 0.063172, -0.898849, 0.433684, -0.043753, 0.114558, -0.425148, -0.897846, 0.006421, 0.0, 0.0, 0.0, 1.0],
                [0.989325, 0.12097, 0.081252, 0.1247, 0.060756, -0.849206, 0.524555, -0.045374, 0.132455, -0.514019, -0.84749, 0.008216, 0.0, 0.0, 0.0, 1.0],
                [0.987725, 0.131652, 0.084064, 0.12461, 0.053549, -0.790952, 0.609531, -0.046419, 0.146737, -0.597548, -0.788293, 0.009368, 0.0, 0.0, 0.0, 1.0],
                [0.986843, 0.13765, 0.08481, 0.124575, 0.042365, -0.726377, 0.68599, -0.046788, 0.15603, -0.673372, -0.722651, 0.009776, 0.0, 0.0, 0.0, 1.0],
                [0.986262, 0.140883, 0.086249, 0.124575, 0.028867, -0.661087, 0.749754, -0.042403, 0.162645, -0.736965, -0.656072, 0.009775, 0.0, 0.0, 0.0, 1.0],
                [0.985404, 0.143898, 0.09095, 0.124575, 0.014575, -0.603631, 0.79713, -0.030651, 0.169606, -0.78417, -0.596918, 0.009775, 0.0, 0.0, 0.0, 1.0],
                [0.984307, 0.146443, 0.098462, 0.124575, 0.000398, -0.559808, 0.828622, -0.013637, 0.176466, -0.815579, -0.551081, 0.009775, 0.0, 0.0, 0.0, 1.0],
                [0.983043, 0.148111, 0.108117, 0.124575, -0.013008, -0.531789, 0.846777, 0.006534, 0.182912, -0.833826, -0.520844, 0.009775, 0.0, 0.0, 0.0, 1.0],
                [0.981691, 0.148628, 0.119126, 0.124575, -0.0253, -0.518121, 0.854933, 0.027757, 0.188788, -0.842295, -0.504874, 0.009776, 0.0, 0.0, 0.0, 1.0],
                [0.980311, 0.148042, 0.130666, 0.124575, -0.036413, -0.514854, 0.856504, 0.047929, 0.194072, -0.844399, -0.499326, 0.009776, 0.0, 0.0, 0.0, 1.0],
                [0.978928, 0.1468, 0.141944, 0.124575, -0.046488, -0.516649, 0.854934, 0.064942, 0.198839, -0.843519, -0.498938, 0.009776, 0.0, 0.0, 0.0, 1.0],
                [0.977538, 0.145759, 0.15223, 0.124575, -0.055818, -0.517451, 0.85389, 0.076694, 0.203234, -0.843208, -0.497692, 0.009776, 0.0, 0.0, 0.0, 1.0],
                [0.976143, 0.145286, 0.161356, 0.124575, -0.064524, -0.515467, 0.854477, 0.081079, 0.207318, -0.844504, -0.493795, 0.009776, 0.0, 0.0, 0.0, 1.0],
                [0.974852, 0.143964, 0.17011, 0.124575, -0.072111, -0.518486, 0.85204, 0.080836, 0.210862, -0.84288, -0.495066, 0.009776, 0.0, 0.0, 0.0, 1.0],
                [0.973799, 0.140297, 0.178974, 0.124575, -0.078011, -0.533167, 0.842405, 0.080087, 0.21361, -0.834296, -0.508253, 0.009776, 0.0, 0.0, 0.0, 1.0],
                [0.973007, 0.134335, 0.187647, 0.124575, -0.082299, -0.557668, 0.825974, 0.078802, 0.215602, -0.819122, -0.531559, 0.009776, 0.0, 0.0, 0.0, 1.0],
                [0.972467, 0.126194, 0.195914, 0.124575, -0.085151, -0.590144, 0.802794, 0.07695, 0.216925, -0.797374, -0.56315, 0.009776, 0.0, 0.0, 0.0, 1.0],
                [0.97215, 0.116008, 0.203631, 0.124575, -0.086801, -0.628861, 0.772657, 0.074502, 0.21769, -0.768814, -0.601278, 0.009776, 0.0, 0.0, 0.0, 1.0],
                [0.972014, 0.103886, 0.210703, 0.124575, -0.087506, -0.672253, 0.735132, 0.071426, 0.218016, -0.732996, -0.644349, 0.009776, 0.0, 0.0, 0.0, 1.0],
                [0.972013, 0.089845, 0.217069, 0.124575, -0.087513, -0.719004, 0.689474, 0.067692, 0.218019, -0.689174, -0.691018, 0.009776, 0.0, 0.0, 0.0, 1.0],
                [0.972102, 0.073696, 0.222682, 0.124575, -0.087054, -0.768201, 0.634262, 0.063272, 0.217807, -0.635952, -0.740354, 0.009776, 0.0, 0.0, 0.0, 1.0],
                [0.972241, 0.054678, 0.227503, 0.124575, -0.086332, -0.819879, 0.56599, 0.058133, 0.217472, -0.56992, -0.792399, 0.009776, 0.0, 0.0, 0.0, 1.0],
                [0.972927, 0.029245, 0.229255, 0.124591, -0.084681, -0.877866, 0.471361, 0.052182, 0.21504, -0.478013, -0.851623, 0.009592, 0.0, 0.0, 0.0, 1.0],
                [0.974562, 0.000639, 0.224116, 0.124635, -0.081536, -0.930459, 0.357209, 0.045332, 0.208759, -0.366396, -0.906738, 0.009062, 0.0, 0.0, 0.0, 1.0],
                [0.976948, 0.000542, 0.213476, 0.1247, -0.077201, -0.931419, 0.355667, 0.037564, 0.199029, -0.363948, -0.909906, 0.008216, 0.0, 0.0, 0.0, 1.0],
                [0.979872, 0.00043, 0.199628, 0.124777, -0.071932, -0.932063, 0.355084, 0.028858, 0.186218, -0.362296, -0.913271, 0.007084, 0.0, 0.0, 0.0, 1.0],
                [0.98312, 0.000316, 0.182962, 0.124855, -0.065925, -0.932216, 0.355848, 0.019195, 0.170672, -0.361903, -0.916459, 0.005699, 0.0, 0.0, 0.0, 1.0],
                [0.986488, 0.000212, 0.163831, 0.124924, -0.059321, -0.931682, 0.3584, 0.008555, 0.152714, -0.363276, -0.919081, 0.004089, 0.0, 0.0, 0.0, 1.0],
                [0.98983, 0.012169, 0.141732, 0.124974, -0.051836, -0.896978, 0.439026, -0.003082, 0.132473, -0.441908, -0.887225, 0.002288, 0.0, 0.0, 0.0, 1.0],
                [0.992978, 0.02348, 0.115944, 0.124996, -0.043239, -0.840248, 0.540476, -0.015734, 0.110112, -0.541694, -0.833333, 0.000326, 0.0, 0.0, 0.0, 1.0],
                [0.995722, 0.025339, 0.088854, 0.12498, -0.033737, -0.795557, 0.60494, -0.02942, 0.086017, -0.605349, -0.791299, -0.001765, 0.0, 0.0, 0.0, 1.0],
                [0.997883, 0.022073, 0.061174, 0.124923, -0.023574, -0.7539, 0.656566, -0.044161, 0.060612, -0.656618, -0.751784, -0.003951, 0.0, 0.0, 0.0, 1.0],
                [0.999325, 0.014768, 0.033643, 0.124818, -0.013033, -0.71364, 0.700391, -0.059974, 0.034353, -0.700356, -0.712966, -0.006201, 0.0, 0.0, 0.0, 1.0],
                [0.999967, 0.004067, 0.007002, 0.124666, -0.002428, -0.674339, 0.738418, -0.076878, 0.007725, -0.738411, -0.674306, -0.00848, 0.0, 0.0, 0.0, 1.0],
                [0.999792, -0.009446, -0.018036, 0.124468, 0.007894, -0.636686, 0.771083, -0.094591, -0.018767, -0.771065, -0.636479, -0.010757, 0.0, 0.0, 0.0, 1.0],
                [0.998853, -0.024954, -0.040873, 0.124226, 0.017503, -0.60423, 0.796619, -0.111624, -0.044576, -0.79642, -0.6031, -0.012997, 0.0, 0.0, 0.0, 1.0],
                [0.997276, -0.041276, -0.061138, 0.123949, 0.025828, -0.580957, 0.813524, -0.126189, -0.069097, -0.812887, -0.578308, -0.01517, 0.0, 0.0, 0.0, 1.0],
                [0.995264, -0.057013, -0.078727, 0.123644, 0.032226, -0.57058, 0.82061, -0.136497, -0.091705, -0.819261, -0.56604, -0.017241, 0.0, 0.0, 0.0, 1.0],
                [0.993073, -0.070714, -0.093838, 0.123322, 0.036097, -0.576403, 0.816368, -0.140759, -0.111817, -0.8141, -0.569857, -0.019181, 0.0, 0.0, 0.0, 1.0],
                [0.990952, -0.081162, -0.106897, 0.122996, 0.037092, -0.599826, 0.79927, -0.137804, -0.12899, -0.796003, -0.591389, -0.020958, 0.0, 0.0, 0.0, 1.0],
                [0.989088, -0.087867, -0.118248, 0.122681, 0.035333, -0.63775, 0.769432, -0.128418, -0.14302, -0.765215, -0.627687, -0.022543, 0.0, 0.0, 0.0, 1.0],
                [0.987601, -0.090717, -0.128118, 0.122391, 0.031235, -0.68625, 0.726695, -0.11375, -0.153845, -0.721687, -0.674908, -0.023905, 0.0, 0.0, 0.0, 1.0],
                [0.986553, -0.089772, -0.136577, 0.122142, 0.025354, -0.741468, 0.670509, -0.094945, -0.161461, -0.664955, -0.729222, -0.025015, 0.0, 0.0, 0.0, 1.0],
                [0.985977, -0.085159, -0.143514, 0.121948, 0.018275, -0.79972, 0.600095, -0.073151, -0.165874, -0.594303, -0.78695, -0.025844, 0.0, 0.0, 0.0, 1.0],
                [0.985889, -0.077016, -0.148633, 0.121823, 0.010556, -0.857516, 0.51435, -0.049515, -0.167069, -0.508661, -0.844602, -0.026363, 0.0, 0.0, 0.0, 1.0],
                [0.986289, -0.066403, -0.151082, 0.121779, 0.002729, -0.90879, 0.417245, -0.025183, -0.165008, -0.411937, -0.896148, -0.026543, 0.0, 0.0, 0.0, 1.0],
                [0.986882, -0.055404, -0.151639, 0.121779, -0.004827, -0.948977, 0.315311, -0.001369, -0.161371, -0.310442, -0.936795, -0.026543, 0.0, 0.0, 0.0, 1.0],
                [0.987388, -0.045147, -0.151743, 0.121779, -0.012116, -0.977215, 0.211906, 0.020711, -0.157853, -0.207395, -0.965438, -0.026543, 0.0, 0.0, 0.0, 1.0],
                [0.98782, -0.036297, -0.151307, 0.121779, -0.019232, -0.993437, 0.112754, 0.039898, -0.154407, -0.10847, -0.982035, -0.026543, 0.0, 0.0, 0.0, 1.0],
                [0.988187, -0.030105, -0.150267, 0.121779, -0.026285, -0.999281, 0.027344, 0.055035, -0.150982, -0.023071, -0.988267, -0.026543, 0.0, 0.0, 0.0, 1.0],
                [0.988496, -0.028269, -0.148584, 0.121779, -0.0334, -0.998926, -0.032152, 0.064966, -0.147515, 0.036745, -0.988377, -0.026543, 0.0, 0.0, 0.0, 1.0],
                [0.988749, -0.031539, -0.146223, 0.121779, -0.040734, -0.997348, -0.060318, 0.068533, -0.143932, 0.065596, -0.987411, -0.026543, 0.0, 0.0, 0.0, 1.0],
                [0.988941, -0.037168, -0.143573, 0.121779, -0.048325, -0.996011, -0.075023, 0.067146, -0.140212, 0.081132, -0.986792, -0.026543, 0.0, 0.0, 0.0, 1.0],
                [0.989065, -0.042601, -0.14119, 0.121779, -0.056087, -0.99409, -0.092954, 0.063284, -0.136396, 0.099857, -0.985609, -0.026543, 0.0, 0.0, 0.0, 1.0],
                [0.989115, -0.047556, -0.139243, 0.121779, -0.063997, -0.991176, -0.116084, 0.057398, -0.132494, 0.123732, -0.98343, -0.026543, 0.0, 0.0, 0.0, 1.0],
                [0.989088, -0.051939, -0.137867, 0.121779, -0.072005, -0.986837, -0.144805, 0.049936, -0.128531, 0.153152, -0.979808, -0.026543, 0.0, 0.0, 0.0, 1.0],
                [0.988981, -0.055745, -0.137147, 0.121779, -0.080033, -0.980677, -0.178517, 0.04135, -0.124545, 0.187526, -0.974332, -0.026543, 0.0, 0.0, 0.0, 1.0],
                [0.988797, -0.059005, -0.13711, 0.121779, -0.087968, -0.972442, -0.215913, 0.032089, -0.120592, 0.225556, -0.966738, -0.026543, 0.0, 0.0, 0.0, 1.0],
                [0.988544, -0.06176, -0.13772, 0.121779, -0.095661, -0.962151, -0.255175, 0.022603, -0.116747, 0.265426, -0.957037, -0.026543, 0.0, 0.0, 0.0, 1.0],
                [0.988238, -0.06405, -0.138865, 0.121779, -0.102918, -0.950203, -0.294147, 0.013342, -0.11311, 0.304979, -0.945619, -0.026543, 0.0, 0.0, 0.0, 1.0],
                [0.987903, -0.065911, -0.140367, 0.121779, -0.109505, -0.937424, -0.330525, 0.004756, -0.109798, 0.341898, -0.933301, -0.026543, 0.0, 0.0, 0.0, 1.0],
                [0.987573, -0.067368, -0.141986, 0.121779, -0.115152, -0.925028, -0.362029, -0.002706, -0.106952, 0.37388, -0.92129, -0.026543, 0.0, 0.0, 0.0, 1.0],
                [0.987288, -0.06844, -0.143449, 0.121779, -0.119557, -0.914487, -0.386551, -0.008592, -0.104727, 0.398788, -0.911044, -0.026543, 0.0, 0.0, 0.0, 1.0],
                [0.98709, -0.06912, -0.144481, 0.121779, -0.122413, -0.907302, -0.402268, -0.012454, -0.103282, 0.414762, -0.904049, -0.026543, 0.0, 0.0, 0.0, 1.0],
                [0.987018, -0.069366, -0.144857, 0.121779, -0.123424, -0.904716, -0.407745, -0.013841, -0.102771, 0.420331, -0.901532, -0.026543, 0.0, 0.0, 0.0, 1.0]
            ]
        },
        {
            "name": "Leg_R",
            "time": [0.0, 0.0167, 0.0333, 0.05, 0.0667, 0.0833, 0.1, 0.1167, 0.1333, 0.15, 0.1667, 0.1833, 0.2, 0.2167, 0.2333, 0.25, 0.2667, 0.2833, 0.3, 0.3167, 0.3333, 0.35, 0.3667, 0.3833, 0.4, 0.4167, 0.4333, 0.45, 0.4667, 0.4833, 0.5, 0.5167, 0.5333, 0.55, 0.5667, 0.5833, 0.6, 0.6167, 0.6333, 0.65, 0.6667, 0.6833, 0.7, 0.7167, 0.7333, 0.75, 0.7667, 0.7833, 0.8, 0.8167, 0.8333, 0.85, 0.8667, 0.8833, 0.9, 0.9167, 0.9333, 0.95, 0.9667, 0.9833, 1.0, 1.0167, 1.0333, 1.05, 1.0667, 1.0833, 1.1, 1.1167, 1.1333, 1.15, 1.1667, 1.1833, 1.2, 1.2167, 1.2333, 1.25, 1.2667, 1.2833],
            "transform": [
                [1.0, -0.0, 1e-06, 0.0, -0.0, 0.579324, 0.815097, 0.374726, -1e-06, -0.815097, 0.579324, -0.0, 0.0, 0.0, 0.0, 1.0],
                [1.0, -0.0, 1e-06, 0.0, -0.0, 0.568282, 0.822834, 0.374726, -1e-06, -0.822834, 0.568281, -0.0, 0.0, 0.0, 0.0, 1.0],
                [1.0, -0.0, 1e-06, -0.0, -0.0, 0.536673, 0.84379, 0.374726, -1e-06, -0.84379, 0.536672, 0.0, 0.0, 0.0, 0.0, 1.0],
                [1.0, -1e-06, 1e-06, -0.0, -0.0, 0.487111, 0.87334, 0.374726, -1e-06, -0.873341, 0.48711, 0.0, 0.0, 0.0, 0.0, 1.0],
                [1.000001, -1e-06, 1e-06, -0.0, -0.0, 0.422568, 0.906331, 0.374726, -1e-06, -0.906331, 0.422569, 0.0, 0.0, 0.0, 0.0, 1.0],
                [1.0, -1e-06, 0.0, -0.0, -0.0, 0.346243, 0.938145, 0.374726, -1e-06, -0.938145, 0.346242, 0.0, 0.0, 0.0, 0.0, 1.0],
                [1.0, -1e-06, 0.0, 0.0, -0.0, 0.261431, 0.965222, 0.374726, -1e-06, -0.965222, 0.261431, -0.0, 0.0, 0.0, 0.0, 1.0],
                [1.0, -1e-06, 0.0, 0.0, -0.0, 0.171429, 0.985196, 0.374726, -1e-06, -0.985197, 0.171429, -0.0, 0.0, 0.0, 0.0, 1.0],
                [1.0, -1e-06, 0.0, 0.0, -0.0, 0.079427, 0.996841, 0.374726, -1e-06, -0.996841, 0.079427, 0.0, 0.0, 0.0, 0.0, 1.0],
                [1.0, -1e-06, 0.0, -0.0, -0.0, -0.011577, 0.999932, 0.374726, -1e-06, -0.999933, -0.011577, 0.0, 0.0, 0.0, 0.0, 1.0],
                [1.0, -1e-06, 0.0, 0.0, -0.0, -0.09885, 0.995102, 0.374726, -1e-06, -0.995102, -0.09885, -0.0, 0.0, 0.0, 0.0, 1.0],
                [1.0, -1e-06, 0.0, -0.0, -0.0, -0.179988, 0.983669, 0.374726, -1e-06, -0.983669, -0.179988, -0.0, 0.0, 0.0, 0.0, 1.0],
                [1.0, -1e-06, 0.0, -0.0, -0.0, -0.252959, 0.967477, 0.374726, -1e-06, -0.967477, -0.252959, -0.0, 0.0, 0.0, 0.0, 1.0],
                [1.0, -1e-06, 0.0, 0.0, -0.0, -0.316139, 0.948713, 0.374726, -1e-06, -0.948712, -0.316139, -0.0, 0.0, 0.0, 0.0, 1.0],
                [1.0, -1e-06, -0.0, 0.0, -0.0, -0.368315, 0.929701, 0.374726, -1e-06, -0.929701, -0.368315, 0.0, 0.0, 0.0, 0.0, 1.0],
                [1.0, -1e-06, -0.0, 0.0, -0.0, -0.408705, 0.912666, 0.374726, -1e-06, -0.912667, -0.408705, 0.0, 0.0, 0.0, 0.0, 1.0],
                [1.0, -1e-06, -0.0, -0.0, -0.0, -0.436937, 0.899493, 0.374726, -1e-06, -0.899493, -0.436938, -0.0, 0.0, 0.0, 0.0, 1.0],
                [1.0, -1e-06, -0.0, 0.0, -0.0, -0.442238, 0.896898, 0.374726, -1e-06, -0.896898, -0.442238, 0.0, 0.0, 0.0, 0.0, 1.0],
                [1.0, -1e-06, -0.0, -0.0, -0.0, -0.417024, 0.908896, 0.374726, -1e-06, -0.908896, -0.417023, 0.0, 0.0, 0.0, 0.0, 1.0],
                [1.0, -1e-06, -0.0, 0.0, -0.0, -0.365887, 0.930659, 0.374726, -1e-06, -0.930659, -0.365887, 0.0, 0.0, 0.0, 0.0, 1.0],
                [1.0, -1e-06, 0.0, -0.0, -0.0, -0.293996, 0.955806, 0.374726, -1e-06, -0.955807, -0.293996, 0.0, 0.0, 0.0, 0.0, 1.0],
                [1.0, -1e-06, 0.0, 0.0, -0.0, -0.207716, 0.978189, 0.374726, -1e-06, -0.978189, -0.207716, 0.0, 0.0, 0.0, 0.0, 1.0],
                [1.0, -1e-06, 0.0, 0.0, -0.0, -0.11493, 0.993373, 0.374726, -1e-06, -0.993373, -0.11493, 0.0, 0.0, 0.0, 0.0, 1.0],
                [1.0, -1e-06, 0.0, 0.0, -0.0, -0.025026, 0.999686, 0.374726, -1e-06, -0.999687, -0.025026, -0.0, 0.0, 0.0, 0.0, 1.0],
                [1.0, -1e-06, 0.0, 0.0, -0.0, 0.051422, 0.998676, 0.374726, -1e-06, -0.998677, 0.051422, 0.0, 0.0, 0.0, 0.0, 1.0],
                [1.0, -1e-06, 0.0, -0.0, -0.0, 0.11205, 0.993702, 0.374726, -1e-06, -0.993703, 0.11205, -0.0, 0.0, 0.0, 0.0, 1.0],
                [1.0, -1e-06, 0.0, 0.0, -0.0, 0.172428, 0.985021, 0.374726, -1e-06, -0.985022, 0.172428, -0.0, 0.0, 0.0, 0.0, 1.0],
                [1.0, -1e-06, 0.0, 0.0, -0.0, 0.245384, 0.969426, 0.374726, -1e-06, -0.969426, 0.245384, -0.0, 0.0, 0.0, 0.0, 1.0],
                [1.0, -1e-06, 1e-06, 0.0, -0.0, 0.328431, 0.944528, 0.374726, -1e-06, -0.944528, 0.32843, 0.0, 0.0, 0.0, 0.0, 1.0],
                [1.0, -1e-06, 1e-06, -0.0, -0.0, 0.419139, 0.907922, 0.374726, -1e-06, -0.907922, 0.419139, -0.0, 0.0, 0.0, 0.0, 1.0],
                [1.000001, -0.0, 1e-06, 0.0, -0.0, 0.51501, 0.857184, 0.374726, -1e-06, -0.857184, 0.51501, -0.0, 0.0, 0.0, 0.0, 1.0],
                [1.000001, -0.0, 1e-06, 0.0, -0.0, 0.61337, 0.789796, 0.374726, -1e-06, -0.789796, 0.61337, -0.0, 0.0, 0.0, 0.0, 1.0],
                [1.0, -0.0, 1e-06, 0.0, -0.0, 0.711322, 0.702866, 0.374726, -1e-06, -0.702867, 0.711322, -0.0, 0.0, 0.0, 0.0, 1.0],
                [1.0, -0.0, 1e-06, 0.0, -0.0, 0.805699, 0.592325, 0.374726, -1e-06, -0.592325, 0.805699, -0.0, 0.0, 0.0, 0.0, 1.0],
                [1.0, -0.0, 1e-06, 0.0, -0.0, 0.893084, 0.44989, 0.374726, -1e-06, -0.449891, 0.893083, 0.0, 0.0, 0.0, 0.0, 1.0],
                [1.0, 0.0, 1e-06, 0.0, -0.0, 0.969163, 0.246419, 0.374726, -1e-06, -0.246419, 0.969163, 0.0, 0.0, 0.0, 0.0, 1.0],
                [1.0, 0.0, 1e-06, -0.0, -0.0, 0.999999, 0.00146, 0.374726, -1e-06, -0.00146, 0.999999, 0.0, 0.0, 0.0, 0.0, 1.0],
                [1.0, 0.0, 1e-06, 0.0, -0.0, 0.999999, 0.001461, 0.374726, -1e-06, -0.001461, 1.0, 0.0, 0.0, 0.0, 0.0, 1.0],
                [1.0, 0.0, 1e-06, -0.0, -0.0, 0.999999, 0.001461, 0.374726, -1e-06, -0.001461, 0.999999, -0.0, 0.0, 0.0, 0.0, 1.0],
                [1.0, 0.0, 1e-06, -0.0, -0.0, 0.999998, 0.001461, 0.374726, -1e-06, -0.001461, 0.999999, 0.0, 0.0, 0.0, 0.0, 1.0],
                [1.0, 0.0, 1e-06, -0.0, -0.0, 0.999999, 0.00146, 0.374726, -1e-06, -0.00146, 0.999999, 0.0, 0.0, 0.0, 0.0, 1.0],
                [1.0, 0.0, 1e-06, -0.0, -0.0, 0.985437, 0.170041, 0.374726, -1e-06, -0.170041, 0.985437, 0.0, 0.0, 0.0, 0.0, 1.0],
                [1.0, -0.0, 1e-06, 0.0, -0.0, 0.921248, 0.388974, 0.374726, -1e-06, -0.388974, 0.921249, 0.0, 0.0, 0.0, 0.0, 1.0],
                [1.0, -0.0, 1e-06, -0.0, -0.0, 0.849903, 0.526939, 0.374726, -1e-06, -0.526939, 0.849903, 0.0, 0.0, 0.0, 0.0, 1.0],
                [1.0, -0.0, 1e-06, 0.0, -0.0, 0.771759, 0.635914, 0.374726, -1e-06, -0.635915, 0.771759, 0.0, 0.0, 0.0, 0.0, 1.0],
                [1.0, -0.0, 1e-06, -0.0, -0.0, 0.687257, 0.726414, 0.374726, -1e-06, -0.726414, 0.687257, -0.0, 0.0, 0.0, 0.0, 1.0],
                [1.0, -0.0, 1e-06, -0.0, -0.0, 0.596929, 0.802294, 0.374726, -1e-06, -0.802294, 0.596928, -0.0, 0.0, 0.0, 0.0, 1.0],
                [1.0, -1e-06, 1e-06, -0.0, -0.0, 0.502705, 0.864458, 0.374726, -1e-06, -0.864458, 0.502705, -0.0, 0.0, 0.0, 0.0, 1.0],
                [1.0, -1e-06, 1e-06, 0.0, -0.0, 0.411528, 0.911396, 0.374726, -1e-06, -0.911397, 0.411528, -0.0, 0.0, 0.0, 0.0, 1.0],
                [1.0, -1e-06, 0.0, 0.0, -0.0, 0.33095, 0.943648, 0.374726, -1e-06, -0.943649, 0.33095, -0.0, 0.0, 0.0, 0.0, 1.0],
                [1.0, -1e-06, 0.0, -0.0, -0.0, 0.267942, 0.963435, 0.374726, -1e-06, -0.963435, 0.267942, -0.0, 0.0, 0.0, 0.0, 1.0],
                [1.0, -1e-06, 0.0, 0.0, -0.0, 0.229326, 0.97335, 0.374726, -1e-06, -0.97335, 0.229326, -0.0, 0.0, 0.0, 0.0, 1.0],
                [1.0, -1e-06, 0.0, 0.0, -0.0, 0.219934, 0.975514, 0.374726, -1e-06, -0.975514, 0.219934, 0.0, 0.0, 0.0, 0.0, 1.0],
                [1.0, -1e-06, 0.0, -0.0, -0.0, 0.237738, 0.971329, 0.374726, -1e-06, -0.97133, 0.237737, -0.0, 0.0, 0.0, 0.0, 1.0],
                [1.0, -1e-06, 0.0, -0.0, -0.0, 0.280016, 0.959996, 0.374726, -1e-06, -0.959996, 0.280016, -0.0, 0.0, 0.0, 0.0, 1.0],
                [1.0, -1e-06, 1e-06, 0.0, -0.0, 0.34435, 0.938841, 0.374726, -1e-06, -0.938841, 0.344351, -0.0, 0.0, 0.0, 0.0, 1.0],
                [1.0, -1e-06, 1e-06, 0.0, -0.0, 0.428248, 0.903661, 0.374726, -1e-06, -0.903661, 0.428248, -0.0, 0.0, 0.0, 0.0, 1.0],
                [1.0, -0.0, 1e-06, -0.0, -0.0, 0.528865, 0.848706, 0.374726, -1e-06, -0.848706, 0.528865, -0.0, 0.0, 0.0, 0.0, 1.0],
                [1.0, -0.0, 1e-06, -0.0, -0.0, 0.633004, 0.774148, 0.374726, -1e-06, -0.774148, 0.633005, 0.0, 0.0, 0.0, 0.0, 1.0],
                [1.0, -0.0, 1e-06, 0.0, -0.0, 0.726566, 0.687097, 0.374726, -1e-06, -0.687097, 0.726565, -0.0, 0.0, 0.0, 0.0, 1.0],
                [1.0, -0.0, 1e-06, 0.0, -0.0, 0.804981, 0.593301, 0.374726, -1e-06, -0.593301, 0.80498, -0.0, 0.0, 0.0, 0.0, 1.0],
                [1.0, -0.0, 1e-06, -0.0, -0.0, 0.863929, 0.503613, 0.374726, -1e-06, -0.503613, 0.863929, -0.0, 0.0, 0.0, 0.0, 1.0],
                [1.0, -0.0, 1e-06, -0.0, -0.0, 0.899265, 0.437403, 0.374726, -1e-06, -0.437403, 0.899265, 0.0, 0.0, 0.0, 0.0, 1.0],
                [1.0, -0.0, 1e-06, 0.0, -0.0, 0.907321, 0.420437, 0.374726, -1e-06, -0.420437, 0.907321, -0.0, 0.0, 0.0, 0.0, 1.0],
                [1.0, -0.0, 1e-06, -0.0, -0.0, 0.885254, 0.465106, 0.374726, -1e-06, -0.465106, 0.885255, 0.0, 0.0, 0.0, 0.0, 1.0],
                [1.0, -0.0, 1e-06, -0.0, -0.0, 0.843706, 0.536806, 0.374726, -1e-06, -0.536805, 0.843705, -0.0, 0.0, 0.0, 0.0, 1.0],
                [1.0, -0.0, 1e-06, 0.0, -0.0, 0.797788, 0.602939, 0.374726, -1e-06, -0.602938, 0.797787, 0.0, 0.0, 0.0, 0.0, 1.0],
                [1.0, -0.0, 1e-06, 0.0, -0.0, 0.751657, 0.659554, 0.374726, -1e-06, -0.659554, 0.751657, 0.0, 0.0, 0.0, 0.0, 1.0],
                [1.0, -0.0, 1e-06, -0.0, -0.0, 0.708619, 0.705591, 0.374726, -1e-06, -0.705591, 0.708619, -0.0, 0.0, 0.0, 0.0, 1.0],
                [0.999999, -0.0, 1e-06, -0.0, -0.0, 0.671039, 0.741421, 0.374726, -1e-06, -0.741421, 0.671039, 0.0, 0.0, 0.0, 0.0, 1.0],
                [1.0, -0.0, 1e-06, -0.0, -0.0, 0.640318, 0.76811, 0.374726, -1e-06, -0.76811, 0.640318, 0.0, 0.0, 0.0, 0.0, 1.0],
                [1.0, -0.0, 1e-06, 0.0, -0.0, 0.616928, 0.787019, 0.374726, -1e-06, -0.78702, 0.616927, -0.0, 0.0, 0.0, 0.0, 1.0],
                [1.0, -0.0, 1e-06, -0.0, -0.0, 0.600513, 0.799615, 0.374726, -1e-06, -0.799615, 0.600513, -0.0, 0.0, 0.0, 0.0, 1.0],
                [1.0, -0.0, 1e-06, -0.0, -0.0, 0.590065, 0.807356, 0.374726, -1e-06, -0.807356, 0.590064, 0.0, 0.0, 0.0, 0.0, 1.0],
                [1.0, -0.0, 1e-06, 0.0, -0.0, 0.584141, 0.811652, 0.374726, -1e-06, -0.811652, 0.58414, 0.0, 0.0, 0.0, 0.0, 1.0],
                [1.0, -0.0, 1e-06, 0.0, -0.0, 0.581168, 0.813783, 0.374726, -1e-06, -0.813783, 0.581168, 0.0, 0.0, 0.0, 0.0, 1.0],
                [1.0, -0.0, 1e-06, 0.0, -0.0, 0.579797, 0.814761, 0.374726, -1e-06, -0.814761, 0.579797, 0.0, 0.0, 0.0, 0.0, 1.0],
                [1.0, -0.0, 1e-06, 0.0, -0.0, 0.579325, 0.815097, 0.374726, -1e-06, -0.815097, 0.579324, -0.0, 0.0, 0.0, 0.0, 1.0]
            ]
        },
        {
            "name": "Knee_R",
            "time": [0.0, 0.0167, 0.0333, 0.05, 0.0667, 0.0833, 0.1, 0.1167, 0.1333, 0.15, 0.1667, 0.1833, 0.2, 0.2167, 0.2333, 0.25, 0.2667, 0.2833, 0.3, 0.3167, 0.3333, 0.35, 0.3667, 0.3833, 0.4, 0.4167, 0.4333, 0.45, 0.4667, 0.4833, 0.5, 0.5167, 0.5333, 0.55, 0.5667, 0.5833, 0.6, 0.6167, 0.6333, 0.65, 0.6667, 0.6833, 0.7, 0.7167, 0.7333, 0.75, 0.7667, 0.7833, 0.8, 0.8167, 0.8333, 0.85, 0.8667, 0.8833, 0.9, 0.9167, 0.9333, 0.95, 0.9667, 0.9833, 1.0, 1.0167, 1.0333, 1.05, 1.0667, 1.0833, 1.1, 1.1167, 1.1333, 1.15, 1.1667, 1.1833, 1.2, 1.2167, 1.2333, 1.25, 1.2667, 1.2833],
            "transform": [
                [1.0, 0.0, -0.0, 0.0, -0.0, 0.00567, -0.999984, 0.462527, -0.0, 0.999984, 0.00567, -0.000498, 0.0, 0.0, 0.0, 1.0],
                [1.0, 0.0, -0.0, 0.0, -0.0, 0.00567, -0.999984, 0.465358, -0.0, 0.999984, 0.00567, -0.000514, 0.0, 0.0, 0.0, 1.0],
                [1.0, 0.0, -0.0, 0.0, -0.0, 0.00567, -0.999984, 0.473321, -0.0, 0.999984, 0.00567, -0.000559, 0.0, 0.0, 0.0, 1.0],
                [1.0, 0.0, -0.0, 0.0, -0.0, 0.00567, -0.999984, 0.48544, -0.0, 0.999984, 0.00567, -0.000628, 0.0, 0.0, 0.0, 1.0],
                [1.0, 0.0, -0.0, 0.0, -0.0, 0.00567, -0.999984, 0.500678, -0.0, 0.999984, 0.00567, -0.000714, 0.0, 0.0, 0.0, 1.0],
                [1.0, 0.0, -0.0, 0.0, -0.0, 0.00567, -0.999984, 0.518047, -0.0, 0.999984, 0.00567, -0.000813, 0.0, 0.0, 0.0, 1.0],
                [1.0, 0.0, -0.0, 0.0, -0.0, 0.00567, -0.999984, 0.536766, -0.0, 0.999984, 0.00567, -0.000919, 0.0, 0.0, 0.0, 1.0],
                [1.0, 0.0, -0.0, 0.0, -0.0, 0.00567, -0.999984, 0.556131, -0.0, 0.999984, 0.00567, -0.001029, 0.0, 0.0, 0.0, 1.0],
                [1.0, 0.0, -0.0, 0.0, -0.0, 0.00567, -0.999984, 0.575613, -0.0, 0.999984, 0.00567, -0.001139, 0.0, 0.0, 0.0, 1.0],
                [1.0, 0.0, -0.0, 0.0, -0.0, 0.00567, -0.999984, 0.594723, -0.0, 0.999984, 0.00567, -0.001247, 0.0, 0.0, 0.0, 1.0],
                [1.0, 0.0, -0.0, 0.0, -0.0, 0.00567, -0.999984, 0.594723, -0.0, 0.999984, 0.00567, -0.001247, 0.0, 0.0, 0.0, 1.0],
                [1.0, 0.0, -0.0, 0.0, -0.0, 0.00567, -0.999984, 0.594723, -0.0, 0.999984, 0.00567, -0.001247, 0.0, 0.0, 0.0, 1.0],
                [1.0, 0.0, -0.0, 0.0, -0.0, 0.00567, -0.999984, 0.594723, -0.0, 0.999984, 0.00567, -0.001247, 0.0, 0.0, 0.0, 1.0],
                [1.0, 0.0, -0.0, 0.0, -0.0, 0.00567, -0.999984, 0.594723, -0.0, 0.999984, 0.00567, -0.001247, 0.0, 0.0, 0.0, 1.0],
                [1.0, 0.0, -0.0, 0.0, -0.0, 0.00567, -0.999984, 0.594723, -0.0, 0.999984, 0.00567, -0.001247, 0.0, 0.0, 0.0, 1.0],
                [1.0, 0.0, -0.0, 0.0, -0.0, 0.00567, -0.999984, 0.594723, -0.0, 0.999984, 0.00567, -0.001247, 0.0, 0.0, 0.0, 1.0],
                [1.0, 0.0, -0.0, -0.0, -0.0, 0.00567, -0.999984, 0.594723, -0.0, 0.999984, 0.00567, -0.001247, 0.0, 0.0, 0.0, 1.0],
                [1.0, 0.0, -0.0, 0.0, -0.0, 0.00567, -0.999984, 0.594723, -0.0, 0.999984, 0.00567, -0.001247, 0.0, 0.0, 0.0, 1.0],
                [1.0, 0.0, -0.0, 0.0, -0.0, 0.00567, -0.999984, 0.594723, -0.0, 0.999984, 0.00567, -0.001247, 0.0, 0.0, 0.0, 1.0],
                [1.0, 0.0, -0.0, 0.0, -0.0, 0.00567, -0.999984, 0.594722, -0.0, 0.999984, 0.00567, -0.001247, 0.0, 0.0, 0.0, 1.0],
                [1.0, 0.0, -0.0, 0.0, -0.0, 0.00567, -0.999984, 0.594723, -0.0, 0.999984, 0.00567, -0.001247, 0.0, 0.0, 0.0, 1.0],
                [1.0, 0.0, -0.0, 0.0, -0.0, 0.00567, -0.999984, 0.594723, -0.0, 0.999984, 0.00567, -0.001247, 0.0, 0.0, 0.0, 1.0],
                [1.0, 0.0, -0.0, 0.0, -0.0, 0.00567, -0.999984, 0.594723, -0.0, 0.999984, 0.00567, -0.001247, 0.0, 0.0, 0.0, 1.0],
                [1.0, 0.0, -0.0, 0.0, -0.0, 0.00567, -0.999984, 0.594723, -0.0, 0.999984, 0.00567, -0.001247, 0.0, 0.0, 0.0, 1.0],
                [1.0, 0.0, -0.0, 0.0, -0.0, 0.00567, -0.999984, 0.581527, -0.0, 0.999984, 0.00567, -0.001173, 0.0, 0.0, 0.0, 1.0],
                [1.0, 0.0, -0.0, 0.0, -0.0, 0.00567, -0.999984, 0.568729, -0.0, 0.999984, 0.00567, -0.0011, 0.0, 0.0, 0.0, 1.0],
                [1.0, 0.0, -0.0, 0.0, -0.0, 0.00567, -0.999984, 0.555917, -0.0, 0.999984, 0.00567, -0.001028, 0.0, 0.0, 0.0, 1.0],
                [1.0, 0.0, -0.0, 0.0, -0.0, 0.00567, -0.999984, 0.540249, -0.0, 0.999984, 0.00567, -0.000938, 0.0, 0.0, 0.0, 1.0],
                [1.0, 0.0, -0.0, 0.0, -0.0, 0.00567, -0.999984, 0.522021, -0.0, 0.999984, 0.00567, -0.000835, 0.0, 0.0, 0.0, 1.0],
                [1.0, 0.0, -0.0, 0.0, -0.0, 0.00567, -0.999984, 0.501472, -0.0, 0.999984, 0.00567, -0.000719, 0.0, 0.0, 0.0, 1.0],
                [1.0, 0.0, -0.0, 0.0, -0.0, 0.00567, -0.999984, 0.47867, -0.0, 0.999984, 0.00567, -0.000589, 0.0, 0.0, 0.0, 1.0],
                [1.0, 0.0, -0.0, 0.0, -0.0, 0.00567, -0.999984, 0.453606, -0.0, 0.999984, 0.00567, -0.000447, 0.0, 0.0, 0.0, 1.0],
                [1.0, 0.0, -0.0, 0.0, -0.0, 0.00567, -0.999984, 0.426076, -0.0, 0.999984, 0.00567, -0.000291, 0.0, 0.0, 0.0, 1.0],
                [1.0, 0.0, -0.0, 0.0, -0.0, 0.00567, -0.999984, 0.395519, -0.0, 0.999984, 0.00567, -0.000118, 0.0, 0.0, 0.0, 1.0],
                [1.0, 0.0, -0.0, 0.0, -0.0, 0.00567, -0.999984, 0.374726, -0.0, 0.999984, 0.00567, -0.0, 0.0, 0.0, 0.0, 1.0],
                [1.0, 0.0, -0.0, 0.0, -0.0, 0.00567, -0.999984, 0.374726, -0.0, 0.999984, 0.00567, -0.0, 0.0, 0.0, 0.0, 1.0],
                [1.0, 0.0, -0.0, 0.0, -0.0, 0.00567, -0.999984, 0.374726, -0.0, 0.999984, 0.00567, 0.0, 0.0, 0.0, 0.0, 1.0],
                [1.0, 0.0, -0.0, 0.0, -0.0, 0.00567, -0.999984, 0.374726, -0.0, 0.999984, 0.00567, -0.0, 0.0, 0.0, 0.0, 1.0],
                [1.0, 0.0, -0.0, 0.0, -0.0, 0.00567, -0.999984, 0.374726, -0.0, 0.999984, 0.00567, -0.0, 0.0, 0.0, 0.0, 1.0],
                [1.0, 0.0, -0.0, 0.0, -0.0, 0.00567, -0.999984, 0.374726, -0.0, 0.999984, 0.00567, 0.0, 0.0, 0.0, 0.0, 1.0],
                [1.0, 0.0, -0.0, -0.0, -0.0, 0.00567, -0.999984, 0.374726, -0.0, 0.999984, 0.00567, 0.0, 0.0, 0.0, 0.0, 1.0],
                [1.0, 0.0, -0.0, 0.0, -0.0, 0.00567, -0.999984, 0.374726, -0.0, 0.999984, 0.00567, 0.0, 0.0, 0.0, 0.0, 1.0],
                [1.0, 0.0, -0.0, 0.0, -0.0, 0.00567, -0.999984, 0.374726, -0.0, 0.999984, 0.00567, 0.0, 0.0, 0.0, 0.0, 1.0],
